19 7 1.564921592871905e+00 
20 7 1.564921592871905e+00 
20 8 1.564921592871905e+00 
21 8 1.564921592871905e+00 
25 13 1.010152544552212e+00 
26 13 1.010152544552212e+00 
26 14 1.010152544552212e+00 
27 14 1.010152544552212e+00 
25 16 1.889822365046143e+00 
26 16 1.889822365046143e+00 
26 17 1.889822365046143e+00 
27 17 1.889822365046143e+00 
43 22 1.691382744398291e+00 
44 22 1.691382744398291e+00 
44 23 1.691382744398291e+00 
45 23 1.691382744398291e+00 
49 28 1.461521731760906e+00 
50 28 1.461521731760906e+00 
50 29 1.461521731760906e+00 
51 29 1.461521731760906e+00 
49 37 1.295500551262590e+00 
50 37 1.295500551262590e+00 
50 38 1.295500551262590e+00 
51 38 1.295500551262590e+00 
55 40 2.048366225996747e+00 
56 40 2.048366225996747e+00 
56 41 2.048366225996747e+00 
57 41 2.048366225996747e+00 
67 46 1.743767181105449e+00 
68 46 1.743767181105449e+00 
68 47 1.743767181105449e+00 
69 47 1.743767181105449e+00 
73 52 1.618014296917389e+00 
74 52 1.618014296917389e+00 
74 53 1.618014296917389e+00 
75 53 1.618014296917389e+00 
79 58 1.239304598884815e+00 
80 58 1.239304598884815e+00 
80 59 1.239304598884815e+00 
81 59 1.239304598884815e+00 
79 64 1.739313106957354e+00 
80 64 1.739313106957354e+00 
80 65 1.739313106957354e+00 
81 65 1.739313106957354e+00 
