-1.000000000000000000e+02 2.156016570075512261e-05
-9.960861056751467402e+01 2.174319173332384019e-05
-9.921722113502934803e+01 2.192861642867608929e-05
-9.882583170254403626e+01 2.211648290447678527e-05
-9.843444227005871028e+01 2.230683527426037145e-05
-9.804305283757338429e+01 2.249971867577182320e-05
-9.765166340508805831e+01 2.269517930027250053e-05
-9.726027397260274654e+01 2.289326442284956193e-05
-9.686888454011742056e+01 2.309402243376862802e-05
-9.647749510763209457e+01 2.329750287091223983e-05
-9.608610567514676859e+01 2.350375645334780154e-05
-9.569471624266144261e+01 2.371283511607125252e-05
-9.530332681017613083e+01 2.392479204597462394e-05
-9.491193737769080485e+01 2.413968171908781080e-05
-9.452054794520547887e+01 2.435755993914775642e-05
-9.412915851272015288e+01 2.457848387755014714e-05
-9.373776908023484111e+01 2.480251211474195409e-05
-9.334637964774951513e+01 2.502970468311558483e-05
-9.295499021526418915e+01 2.526012311146841967e-05
-9.256360078277886316e+01 2.549383047109484129e-05
-9.217221135029353718e+01 2.573089142358099039e-05
-9.178082191780822541e+01 2.597137227037600349e-05
-9.138943248532289942e+01 2.621534100421706029e-05
-9.099804305283757344e+01 2.646286736248982678e-05
-9.060665362035224746e+01 2.671402288260942427e-05
-9.021526418786692147e+01 2.696888095951189282e-05
-8.982387475538160970e+01 2.722751682121982847e-05
-8.943248532289628372e+01 2.749000792766412960e-05
-8.904109589041095774e+01 2.775643352978515369e-05
-8.864970645792563175e+01 2.802687507318593624e-05
-8.825831702544030577e+01 2.830141618359038338e-05
-8.786692759295499400e+01 2.858014273916095605e-05
-8.747553816046966801e+01 2.886314294570023714e-05
-8.708414872798434203e+01 2.915050741487166280e-05
-8.669275929549901605e+01 2.944232924558189580e-05
-8.630136986301370428e+01 2.973870410867514503e-05
-8.590998043052837829e+01 3.003973033509748096e-05
-8.551859099804305231e+01 3.034550900769875770e-05
-8.512720156555772633e+01 3.065614405684837890e-05
-8.473581213307241455e+01 3.097174236005130542e-05
-8.434442270058708857e+01 3.129241384576126044e-05
-8.395303326810176259e+01 3.161827160159908856e-05
-8.356164383561643660e+01 3.194943198719630786e-05
-8.317025440313111062e+01 3.228601475189677534e-05
-8.277886497064579885e+01 3.262814315756188180e-05
-8.238747553816047287e+01 3.297594410674115149e-05
-8.199608610567514688e+01 3.332954827648284792e-05
-8.160469667318982090e+01 3.368909025807814716e-05
-8.121330724070449492e+01 3.405470870304809299e-05
-8.082191780821918314e+01 3.442654647570245706e-05
-8.043052837573385716e+01 3.480475081261853981e-05
-8.003913894324853118e+01 3.518947348941084467e-05
-7.964774951076320519e+01 3.558087099518363934e-05
-7.925636007827787921e+01 3.597910471508457394e-05
-7.886497064579256744e+01 3.638434112140269335e-05
-7.847358121330724146e+01 3.679675197368260687e-05
-7.808219178082191547e+01 3.721651452835682825e-05
-7.769080234833660370e+01 3.764381175843090597e-05
-7.729941291585126351e+01 3.807883258378966902e-05
-7.690802348336595173e+01 3.852177211273163303e-05
-7.651663405088062575e+01 3.897283189537759541e-05
-7.612524461839529977e+01 3.943222018964282968e-05
-7.573385518590998799e+01 3.990015224050913370e-05
-7.534246575342466201e+01 4.037685057338216157e-05
-7.495107632093933603e+01 4.086254530237381501e-05
-7.455968688845401005e+01 4.135747445440751506e-05
-7.416829745596868406e+01 4.186188431010615763e-05
-7.377690802348337229e+01 4.237602976249061064e-05
-7.338551859099804631e+01 4.290017469459007828e-05
-7.299412915851272032e+01 4.343459237714241989e-05
-7.260273972602739434e+01 4.397956588765138813e-05
-7.221135029354206836e+01 4.453538855215606634e-05
-7.181996086105675658e+01 4.510236441117145483e-05
-7.142857142857143060e+01 4.568080988787556415e-05
-7.103718199608610462e+01 4.627104969796533870e-05
-7.064579256360077864e+01 4.687342417592693709e-05
-7.025440313111545265e+01 4.748828542135711183e-05
-6.986301369863014088e+01 4.811599899985636561e-05
-6.947162426614481490e+01 4.875694459138802360e-05
-6.908023483365948891e+01 4.941151667663262206e-05
-6.868884540117417714e+01 5.008012526397973252e-05
-6.829745596868883695e+01 5.076319666001096376e-05
-6.790606653620352517e+01 5.146117428655977406e-05
-6.751467710371819919e+01 5.217451954769127188e-05
-6.712328767123287321e+01 5.290371275021976395e-05
-6.673189823874756144e+01 5.364925408169146474e-05
-6.634050880626222124e+01 5.441166465008959554e-05
-6.594911937377690947e+01 5.519148758989065749e-05
-6.555772994129158349e+01 5.598928923950128922e-05
-6.516634050880625750e+01 5.680566039554872085e-05
-6.477495107632094573e+01 5.764121764998836339e-05
-6.438356164383561975e+01 5.849660481652717346e-05
-6.399217221135029376e+01 5.937249445345787341e-05
-6.360078277886496778e+01 6.026958949065313817e-05
-6.320939334637964890e+01 6.118862496919442204e-05
-6.281800391389432292e+01 6.213036990291369538e-05
-6.242661448140900404e+01 6.309562927201484487e-05
-6.203522504892367806e+01 6.408524615993039153e-05
-6.164383561643835918e+01 6.510010404566532287e-05
-6.125244618395303320e+01 6.614112926510219194e-05
-6.086105675146770722e+01 6.720929365610084632e-05
-6.046966731898238834e+01 6.830562000480506894e-05
-6.007827788649706235e+01 6.943117500185475672e-05
-5.968688845401174348e+01 7.058708729831537996e-05
-5.929549902152641749e+01 7.177454148201583596e-05
-5.890410958904109862e+01 7.299478426222224810e-05
-5.851272015655577263e+01 7.424912862805869811e-05
-5.812133072407044665e+01 7.553895834891166975e-05
-5.772994129158512777e+01 7.686573285038251449e-05
-5.733855185909980179e+01 7.823099250319272442e-05
-5.694716242661448291e+01 7.963636436679786363e-05
-5.655577299412915693e+01 8.108356843439418237e-05
-5.616438356164383805e+01 8.257442443159791236e-05
-5.577299412915851207e+01 8.411085922744545218e-05
-5.538160469667319319e+01 8.569491492361692639e-05
-5.499021526418786721e+01 8.732875769607510014e-05
-5.459882583170254122e+01 8.901468747279282995e-05
-5.420743639921722234e+01 9.075514854212080431e-05
-5.381604696673189636e+01 9.255274119884553585e-05
-5.342465753424657748e+01 9.441023748469091494e-05
-5.303326810176125150e+01 9.633058403941850624e-05
-5.264187866927593262e+01 9.831693389239775250e-05
-5.225048923679060664e+01 1.003726532166061521e-04
-5.185909980430528066e+01 1.025013428824362839e-04
-5.146771037181996178e+01 1.047068595653038867e-04
-5.107632093933463580e+01 1.069933392004813392e-04
-5.068493150684931692e+01 1.093652230980565157e-04
-5.029354207436399093e+01 1.118272870797939903e-04
-4.990215264187867206e+01 1.143846740573328666e-04
-4.951076320939334607e+01 1.170429305394052777e-04
-4.911937377690802009e+01 1.198080476368032905e-04
-4.872798434442270121e+01 1.226865072303879786e-04
-4.833659491193737523e+01 1.256853340829093134e-04
-4.794520547945205635e+01 1.288121558656813229e-04
-4.755381604696673037e+01 1.320752663720293856e-04
-4.716242661448141149e+01 1.354837066734695418e-04
-4.677103718199608551e+01 1.390473490484495393e-04
-4.637964774951076663e+01 1.427769972099657834e-04
-4.598825831702544065e+01 1.466845006545788909e-04
-4.559686888454011466e+01 1.507828864695584243e-04
-4.520547945205479579e+01 1.550865118095677076e-04
-4.481409001956946980e+01 1.596112409500650628e-04
-4.442270058708415092e+01 1.643746516949113148e-04
-4.403131115459882494e+01 1.693962739238044450e-04
-4.363992172211350606e+01 1.746978861072350300e-04
-4.324853228962818008e+01 1.803038324933132564e-04
-4.285714285714285410e+01 1.862414337055823743e-04
-4.246575342465753522e+01 1.925414591975843474e-04
-4.207436399217220924e+01 1.992386977371144970e-04
-4.168297455968689036e+01 2.063726459303728508e-04
-4.129158512720156438e+01 2.139883414945844805e-04
-4.090019569471624550e+01 2.221373972471722951e-04
-4.050880626223091951e+01 2.308792422146940175e-04
-4.011741682974559353e+01 2.402826944567286146e-04
-3.972602739726027465e+01 2.504279109383608821e-04
-3.933463796477494867e+01 2.614088535996274797e-04
-3.894324853228962979e+01 2.733364177891391134e-04
-3.855185909980430381e+01 2.863424805150663528e-04
-3.816046966731898493e+01 3.005851425544471111e-04
-3.776908023483365895e+01 3.162556301724706162e-04
-3.737769080234834007e+01 3.335875458773897208e-04
-3.698630136986301409e+01 3.528692789686184005e-04
-3.659491193737768810e+01 3.744611566598702755e-04
-3.620352250489236923e+01 3.988193178269349272e-04
-3.581213307240705035e+01 4.265299342648975773e-04
-3.542074363992172437e+01 4.583585575443179156e-04
-3.502935420743639838e+01 4.953239854648587917e-04
-3.463796477495107240e+01 5.388112774139853806e-04
-3.424657534246574642e+01 5.907492628442155818e-04
-3.385518590998043464e+01 6.539005149244060764e-04
-3.346379647749510866e+01 7.323531823893436859e-04
-3.307240704500978268e+01 8.323934811721496073e-04
-3.268101761252445669e+01 9.641421888145310396e-04
-3.228962818003914492e+01 1.144826596076531713e-03
-3.189823874755381894e+01 1.405865629052474889e-03
-3.150684931506849296e+01 1.809813904269575845e-03
-3.111545988258316697e+01 2.496447670715415661e-03
-3.072407045009784099e+01 3.831853228208639568e-03
-3.033268101761252922e+01 7.025336333808020368e-03
-2.994129158512720323e+01 1.778505420777319601e-02
-2.954990215264187725e+01 6.995345347593044660e-02
-2.915851272015655127e+01 4.792217473300706271e-02
-2.876712328767123950e+01 1.569401928271025801e-02
-2.837573385518591351e+01 8.749590957234326324e-03
-2.798434442270058753e+01 6.972431781084744915e-03
-2.759295499021526155e+01 7.237960258901235400e-03
-2.720156555772993556e+01 9.631858870220430524e-03
-2.681017612524462379e+01 1.764524258666015991e-02
-2.641878669275929781e+01 4.345968826882003200e-02
-2.602739726027397182e+01 4.450060232503453422e-02
-2.563600782778864584e+01 8.079100314145494510e-02
-2.524461839530331986e+01 1.242679783745707506e-01
-2.485322896281800809e+01 3.956578446795834536e-02
-2.446183953033268210e+01 1.700947232557230293e-02
-2.407045009784735612e+01 1.021933011940290119e-02
-2.367906066536203014e+01 7.653119496952819935e-03
-2.328767123287671836e+01 6.788680961008521086e-03
-2.289628180039139238e+01 7.045231742507577881e-03
-2.250489236790606640e+01 8.786067879996138294e-03
-2.211350293542074041e+01 1.437688208521365439e-02
-2.172211350293541443e+01 2.582225719646496706e-02
-2.133072407045010266e+01 3.677755349366836068e-02
-2.093933463796477668e+01 8.671160339649175430e-02
-2.054794520547945069e+01 6.447770808589926850e-02
-2.015655577299412471e+01 3.311866743980663302e-02
-1.976516634050881294e+01 3.837185292501210654e-02
-1.937377690802348695e+01 9.447768804435972834e-02
-1.898238747553816097e+01 1.032621740581548958e-01
-1.859099804305283499e+01 3.463365947146397616e-02
-1.819960861056750900e+01 1.725526834640985635e-02
-1.780821917808219723e+01 1.217676934539357013e-02
-1.741682974559687125e+01 1.125941275125746412e-02
-1.702544031311154527e+01 1.372667486017703671e-02
-1.663405088062621928e+01 2.423338117768413305e-02
-1.624266144814089330e+01 6.293512963899748625e-02
-1.585127201565558153e+01 5.444272599403193053e-02
-1.545988258317025554e+01 3.275019229201517335e-02
-1.506849315068492956e+01 4.549708087081611591e-02
-1.467710371819960358e+01 8.656499880130923141e-02
-1.428571428571429180e+01 4.714748661445719580e-02
-1.389432485322896582e+01 2.839150354939527776e-02
-1.350293542074363984e+01 3.242899140336442942e-02
-1.311154598825831386e+01 6.899770616387668198e-02
-1.272015655577298787e+01 1.067450950814764904e-01
-1.232876712328767610e+01 5.984158726603461265e-02
-1.193737769080235012e+01 1.004255557968649071e-01
-1.154598825831702413e+01 8.373314095606321228e-02
-1.115459882583169815e+01 3.364840213906955535e-02
-1.076320939334638638e+01 2.629115080268469573e-02
-1.037181996086106039e+01 3.823991833880097807e-02
-9.980430528375734411e+00 8.213474807623044605e-02
-9.589041095890408428e+00 7.625753658079698072e-02
-9.197651663405082445e+00 3.796859819124087654e-02
-8.806262230919770673e+00 3.004410864576472981e-02
-8.414872798434444690e+00 4.940045303736109727e-02
-8.023483365949118706e+00 5.296014904546302027e-02
-7.632093933463792723e+00 8.679000787475490974e-02
-7.240704500978466740e+00 4.464341120899830567e-02
-6.849315068493154968e+00 1.821021958813046071e-02
-6.457925636007828984e+00 1.243011704262475883e-02
-6.066536203522503001e+00 1.237018814191636479e-02
-5.675146771037177018e+00 1.747958989227213836e-02
-5.283757338551865246e+00 2.725793137275139139e-02
-4.892367906066539263e+00 7.441101843108731406e-02
-4.500978473581213279e+00 1.172368660815669705e-01
-4.109589041095887296e+00 5.172527011601011498e-02
-3.718199608610561313e+00 3.798343294616447069e-02
-3.326810176125249541e+00 5.885000803726657403e-02
-2.935420743639923558e+00 1.374602455209188445e-01
-2.544031311154597574e+00 1.842977111904212373e-01
-2.152641878669271591e+00 9.027415171750487188e-02
-1.761252446183959819e+00 5.759434651839531738e-02
-1.369863013698633836e+00 7.829533874461427900e-02
-9.784735812133078525e-01 1.130871323549286628e-01
-5.870841487279818693e-01 1.978342275319551757e-01
-1.956947162426558862e-01 1.862692481562527314e-01
1.956947162426558862e-01 1.331315453596186860e-01
5.870841487279818693e-01 1.420692767288799230e-01
9.784735812133078525e-01 1.188247120321662964e-01
1.369863013698633836e+00 1.546002845815369897e-01
1.761252446183959819e+00 1.190578744735722727e-01
2.152641878669271591e+00 1.100733966060433305e-01
2.544031311154597574e+00 9.055610116551709998e-02
2.935420743639923558e+00 1.210932304285672334e-01
3.326810176125249541e+00 1.957108270841826925e-01
3.718199608610561313e+00 1.176621969045849869e-01
4.109589041095887296e+00 8.069145309129502341e-02
4.500978473581213279e+00 6.381110888385972679e-02
4.892367906066539263e+00 1.269519947839674034e-01
5.283757338551865246e+00 1.440646787339884272e-01
5.675146771037177018e+00 6.216120794402802546e-02
6.066536203522503001e+00 3.327781280673770131e-02
6.457925636007828984e+00 3.599937431657161679e-02
6.849315068493154968e+00 7.465464100417223969e-02
7.240704500978466740e+00 5.602327505579075828e-02
7.632093933463792723e+00 5.608713906099257324e-02
8.023483365949118706e+00 3.611095060746109114e-02
8.414872798434444690e+00 1.850100789926558201e-02
8.806262230919770673e+00 1.657481980050830306e-02
9.197651663405082445e+00 2.218184057554428018e-02
9.589041095890408428e+00 2.903406559947829813e-02
9.980430528375734411e+00 3.592913536808055308e-02
1.037181996086106039e+01 3.120632139428799676e-02
1.076320939334638638e+01 6.284595803342016285e-02
1.115459882583169815e+01 8.584309470351259019e-02
1.154598825831702413e+01 3.226839746780665180e-02
1.193737769080235012e+01 1.846599105639344651e-02
1.232876712328767610e+01 1.862645408893209842e-02
1.272015655577298787e+01 3.367290613008235012e-02
1.311154598825831386e+01 6.956426661110526322e-02
1.350293542074363984e+01 3.612646890712854081e-02
1.389432485322896582e+01 2.445155008549020070e-02
1.428571428571429180e+01 3.488772198755153708e-02
1.467710371819960358e+01 2.205296868420660028e-02
1.506849315068492956e+01 1.490240473140568012e-02
1.545988258317025554e+01 2.343083636884674831e-02
1.585127201565558153e+01 1.711105288315311473e-02
1.624266144814089330e+01 8.956369756362304868e-03
1.663405088062621928e+01 8.812748269715167324e-03
1.702544031311154527e+01 1.143818782467621517e-02
1.741682974559687125e+01 6.039695117747993086e-03
1.780821917808219723e+01 4.088804676324524733e-03
1.819960861056750900e+01 3.596547917846633618e-03
1.859099804305283499e+01 3.624304556151573212e-03
1.898238747553816097e+01 4.031386401566101202e-03
1.937377690802348695e+01 4.962668988066222531e-03
1.976516634050881294e+01 7.008910295791535502e-03
2.015655577299412471e+01 1.259396969978186440e-02
2.054794520547945069e+01 3.199032502080174922e-02
2.093933463796477668e+01 4.215306490616585466e-02
2.133072407045010266e+01 4.526339386344817306e-02
2.172211350293541443e+01 9.681536988137097455e-02
2.211350293542074041e+01 6.122388864927595653e-02
2.250489236790606640e+01 2.900673988878753329e-02
2.289628180039139238e+01 3.219062969258498774e-02
2.328767123287671836e+01 7.460919271453118895e-02
2.367906066536203014e+01 5.348387377121614772e-02
2.407045009784735612e+01 1.890526389744795477e-02
2.446183953033268210e+01 9.699907312584382657e-03
2.485322896281800809e+01 6.832973147254410920e-03
2.524461839530331986e+01 5.120572241052725841e-03
2.563600782778864584e+01 3.504406643466581942e-03
2.602739726027397182e+01 2.731558732861653124e-03
2.641878669275929781e+01 2.311140129380350339e-03
2.681017612524462379e+01 2.060418690104894729e-03
2.720156555772993556e+01 1.912836812469617849e-03
2.759295499021526155e+01 1.839182702511146664e-03
2.798434442270058753e+01 1.828432961317471000e-03
2.837573385518589930e+01 1.879333501604804743e-03
2.876712328767123950e+01 2.000385544308568193e-03
2.915851272015655127e+01 2.212289227300145381e-03
2.954990215264189146e+01 2.555352381396159764e-03
2.994129158512720323e+01 3.107339539206342531e-03
3.033268101761251501e+01 4.027080614166956597e-03
3.072407045009785520e+01 5.673564722297347665e-03
3.111545988258316697e+01 8.992473693903662788e-03
3.150684931506850717e+01 1.710976308846383354e-02
3.189823874755381894e+01 4.431755388415816593e-02
3.228962818003913071e+01 1.420670884916676313e-01
3.268101761252447091e+01 7.516990283518813765e-02
3.307240704500978268e+01 2.842573826146056401e-02
3.346379647749509445e+01 2.407642478737375205e-02
3.385518590998043464e+01 1.820128887818979815e-02
3.424657534246574642e+01 7.961309346655941546e-03
3.463796477495108661e+01 4.679906896751864775e-03
3.502935420743639838e+01 3.305751938289329048e-03
3.542074363992171016e+01 2.598457637242660313e-03
3.581213307240705035e+01 2.203368962520204852e-03
3.620352250489236212e+01 1.990401307425982824e-03
3.659491193737770232e+01 1.908776474600493503e-03
3.698630136986301409e+01 1.947869141184511857e-03
3.737769080234832586e+01 2.131269765923850257e-03
3.776908023483366605e+01 2.534756857354737974e-03
3.816046966731897783e+01 3.353043518486909652e-03
3.855185909980431802e+01 5.136920208620255300e-03
3.894324853228962979e+01 9.864112450720760594e-03
3.933463796477494157e+01 2.795408373192464699e-02
3.972602739726028176e+01 8.607168888205674051e-02
4.011741682974559353e+01 2.718314197750652805e-02
4.050880626223093373e+01 8.856659368207311228e-03
4.090019569471624550e+01 4.226967202824561710e-03
4.129158512720155727e+01 2.492082447348434836e-03
4.168297455968689746e+01 1.668841072125396702e-03
4.207436399217220924e+01 1.215456388044183333e-03
4.246575342465752101e+01 9.389585069095573435e-04
4.285714285714286120e+01 7.573429772401091883e-04
4.324853228962817298e+01 6.311156053881375331e-04
4.363992172211351317e+01 5.393950927644097825e-04
4.403131115459882494e+01 4.703124926812657044e-04
4.442270058708413671e+01 4.167197625214595137e-04
4.481409001956947691e+01 3.741031967816184855e-04
4.520547945205478868e+01 3.394976196059930514e-04
4.559686888454012887e+01 3.108887049984700797e-04
4.598825831702544065e+01 2.868680188917520054e-04
4.637964774951075242e+01 2.664257949311499155e-04
4.677103718199609261e+01 2.488219836078375217e-04
4.716242661448140439e+01 2.335035472129087515e-04
4.755381604696674458e+01 2.200499683395091026e-04
4.794520547945205635e+01 2.081364800886764828e-04
4.833659491193736812e+01 1.975087170750054332e-04
4.872798434442270832e+01 1.879649052485254099e-04
4.911937377690802009e+01 1.793431230767815075e-04
4.951076320939336028e+01 1.715120474773914781e-04
4.990215264187867206e+01 1.643641338018169708e-04
5.029354207436398383e+01 1.578105149372251387e-04
5.068493150684932402e+01 1.517771559605081465e-04
5.107632093933463580e+01 1.462019022167034650e-04
5.146771037181994757e+01 1.410322027842541789e-04
5.185909980430528776e+01 1.362233329131795677e-04
5.225048923679059953e+01 1.317369940628080889e-04
5.264187866927593973e+01 1.275402044348982790e-04
5.303326810176125150e+01 1.236043983740956517e-04
5.342465753424656327e+01 1.199047242154131397e-04
5.381604696673190347e+01 1.164194500299228167e-04
5.420743639921721524e+01 1.131294894883994598e-04
5.459882583170255543e+01 1.100180094540930423e-04
5.499021526418786721e+01 1.070701052251519185e-04
5.538160469667317898e+01 1.042725302672426255e-04
5.577299412915851917e+01 1.016134701073131215e-04
5.616438356164383094e+01 9.908235514505600713e-05
5.655577299412917114e+01 9.666968806245901109e-05
5.694716242661448291e+01 9.436692603452491099e-05
5.733855185909979468e+01 9.216635189968869451e-05
5.772994129158513488e+01 9.006097803499396376e-05
5.812133072407044665e+01 8.804446097524808493e-05
5.851272015655578684e+01 8.611102779179772876e-05
5.890410958904109862e+01 8.425541238522431557e-05
5.929549902152641039e+01 8.247280016919268403e-05
5.968688845401175058e+01 8.075877988363897963e-05
6.007827788649706235e+01 7.910930148733390883e-05
6.046966731898237413e+01 7.752063950505788019e-05
6.086105675146771432e+01 7.598935960254811777e-05
6.125244618395302609e+01 7.451229142736289445e-05
6.164383561643836629e+01 7.308650242934241819e-05
6.203522504892367806e+01 7.170927568691073299e-05
6.242661448140898983e+01 7.037809002417963521e-05
6.281800391389433003e+01 6.909060230986529020e-05
6.320939334637964180e+01 6.784463166270792128e-05
6.360078277886498199e+01 6.663814532710292599e-05
6.399217221135029376e+01 6.546924601556778701e-05
6.438356164383560554e+01 6.433616054251315049e-05
6.477495107632094573e+01 6.323722959742167295e-05
6.516634050880625750e+01 6.217089852565184111e-05
6.555772994129159770e+01 6.113570900225041350e-05
6.594911937377690947e+01 6.013029149885032828e-05
6.634050880626222124e+01 5.915335845633600551e-05
6.673189823874756144e+01 5.820369808680345630e-05
6.712328767123287321e+01 5.728016873769373315e-05
6.751467710371821340e+01 5.638169375906129470e-05
6.790606653620352517e+01 5.550725583526370892e-05
6.829745596868883695e+01 5.465589677335498100e-05
6.868884540117417714e+01 5.382670730102196707e-05
6.908023483365948891e+01 5.301882781749168576e-05
6.947162426614480069e+01 5.223144398351917464e-05
6.986301369863014088e+01 5.146378370228949097e-05
7.025440313111545265e+01 5.071511434288850171e-05
7.064579256360079285e+01 4.998474018368764501e-05
7.103718199608610462e+01 4.927200005538753716e-05
7.142857142857141639e+01 4.857626516557880217e-05
7.181996086105675658e+01 4.789693708854993561e-05
7.221135029354206836e+01 4.723344590572649330e-05
7.260273972602740855e+01 4.658524848359217742e-05
7.299412915851272032e+01 4.595182687724870009e-05
7.338551859099803210e+01 4.533268684892720655e-05
7.377690802348337229e+01 4.472735649179953427e-05
7.416829745596868406e+01 4.413538495035766555e-05
7.455968688845402426e+01 4.355634122945270818e-05
7.495107632093933603e+01 4.298981308482323647e-05
7.534246575342464780e+01 4.243540598860097624e-05
7.573385518590998799e+01 4.189274216387452355e-05
7.612524461839529977e+01 4.136145968292532290e-05
7.651663405088063996e+01 4.084121162422584461e-05
7.690802348336595173e+01 4.033166528372434783e-05
7.729941291585126351e+01 3.983250143632657771e-05
7.769080234833660370e+01 3.934341364383736210e-05
7.808219178082191547e+01 3.886410760594216136e-05
7.847358121330722724e+01 3.839430055109526086e-05
7.886497064579256744e+01 3.793372066444188382e-05
7.925636007827787921e+01 3.748210655013755992e-05
7.964774951076321940e+01 3.703920672564245918e-05
8.003913894324853118e+01 3.660477914576249972e-05
8.043052837573384295e+01 3.617859021173972287e-05
8.082191780821918314e+01 3.576041657051362853e-05
8.121330724070449492e+01 3.535004130198303863e-05
8.160469667318983511e+01 3.494725587775500864e-05
8.199608610567514688e+01 3.455185920673142644e-05
8.238747553816045865e+01 3.416365729976129602e-05
8.277886497064579885e+01 3.378246295262374234e-05
8.317025440313111062e+01 3.340809544616619818e-05
8.356164383561645081e+01 3.304038026250824458e-05
8.395303326810176259e+01 3.267914881630171935e-05
8.434442270058707436e+01 3.232423820010814759e-05
8.473581213307241455e+01 3.197549094302453321e-05
8.512720156555772633e+01 3.163275478174732780e-05
8.551859099804306652e+01 3.129588244332188313e-05
8.590998043052837829e+01 3.096473143887790061e-05
8.630136986301369006e+01 3.063916386769721906e-05
8.669275929549903026e+01 3.031904623100716023e-05
8.708414872798434203e+01 3.000424925493217412e-05
8.747553816046965380e+01 2.969464772207370070e-05
8.786692759295499400e+01 2.939012031122590170e-05
8.825831702544030577e+01 2.909054944476429115e-05
8.864970645792564596e+01 2.879582114327597923e-05
8.904109589041095774e+01 2.850582488702831807e-05
8.943248532289626951e+01 2.822045348389735621e-05
8.982387475538160970e+01 2.793960294340224187e-05
9.021526418786692147e+01 2.766317235651425635e-05
9.060665362035226167e+01 2.739106378092891531e-05
9.099804305283757344e+01 2.712318213150958547e-05
9.138943248532288521e+01 2.685943507562848674e-05
9.178082191780822541e+01 2.659973293314811003e-05
9.217221135029353718e+01 2.634398858080083341e-05
9.256360078277887737e+01 2.609211736073977899e-05
9.295499021526418915e+01 2.584403699304691637e-05
9.334637964774950092e+01 2.559966749199708971e-05
9.373776908023484111e+01 2.535893108588870400e-05
9.412915851272015288e+01 2.512175214026233648e-05
9.452054794520549308e+01 2.488805708433902532e-05
9.491193737769080485e+01 2.465777434051975566e-05
9.530332681017611662e+01 2.443083425679622167e-05
9.569471624266145682e+01 2.420716904193164043e-05
9.608610567514676859e+01 2.398671270327855213e-05
9.647749510763208036e+01 2.376940098710680248e-05
9.686888454011742056e+01 2.355517132132341397e-05
9.726027397260273233e+01 2.334396276047151787e-05
9.765166340508807252e+01 2.313571593290123123e-05
9.804305283757338429e+01 2.293037299001255593e-05
9.843444227005869607e+01 2.272787755747427357e-05
9.882583170254403626e+01 2.252817468832856939e-05
9.921722113502934803e+01 2.233121081789608242e-05
9.960861056751468823e+01 2.213693324408009424e-05
1.000000000000000000e+02 2.194529201629753687e-05
