0.000000000000000000e+00
5.880371728088284664e-03
3.861195058273150793e-02
6.554185381767134444e-02
1.120906252315982121e-01
2.995973811805604028e-02
1.808011818561206310e-02
1.115646268536761576e-02
8.130817592728789567e-02
4.531419855846509359e-02
1.396726994432698730e-02
2.180329509642521882e-02
3.886190781853098714e-02
7.883076241584183186e-02
6.957113697683831727e-03
7.472233259668757850e-03
4.562180202710102925e-03
5.335057065159565931e-02
5.086869400573992145e-02
9.960508120116161671e-03
1.076106125559184862e-02
1.901152307629244004e-02
5.587903611847022667e-02
2.080121972232397767e-02
6.994156905396103213e-03
4.834876807551563051e-03
3.319823576733257897e-02
4.452294958614040621e-02
6.228785701635592212e-03
5.933868403074001388e-03
8.503653380353646055e-03
3.889530888778876955e-02
2.660380536432523438e-02
5.049655555193838935e-03
3.704692214935000668e-03
1.950124989816037421e-02
3.557771328595472904e-02
1.209542449477487257e-02
4.344159911248664414e-03
3.863294416181608897e-03
2.609168390828196446e-02
2.605837677953099299e-02
5.185814799064737517e-03
2.893876589714910238e-03
1.107678112626588052e-02
2.683458127835051249e-02
1.554768111147125480e-02
3.411715100209863471e-03
2.128963425237737593e-03
1.690068507396371919e-02
2.260663289045274776e-02
