-1.000000000000000000e+02 1.562289965295288272e-04
-9.842519685039370358e+01 1.614027409685805979e-04
-9.685039370078740717e+01 1.668422393333591743e-04
-9.527559055118109654e+01 1.725672420781435446e-04
-9.370078740157480013e+01 1.785943226767096976e-04
-9.212598425196850371e+01 1.849486374817261441e-04
-9.055118110236220730e+01 1.916523602973020310e-04
-8.897637795275591088e+01 1.987335514304178034e-04
-8.740157480314960026e+01 2.062209398088720152e-04
-8.582677165354330384e+01 2.141461388888444553e-04
-8.425196850393700743e+01 2.225446595464844598e-04
-8.267716535433071101e+01 2.314578146508562305e-04
-8.110236220472441460e+01 2.409250623038467756e-04
-7.952755905511810397e+01 2.509966471146206444e-04
-7.795275590551180755e+01 2.617263514809427608e-04
-7.637795275590551114e+01 2.731726749629063327e-04
-7.480314960629921472e+01 2.854036690866871423e-04
-7.322834645669291831e+01 2.984929979742700912e-04
-7.165354330708660768e+01 3.125267385912456003e-04
-7.007874015748031127e+01 3.275974301011181332e-04
-6.850393700787401485e+01 3.438153445709042806e-04
-6.692913385826771844e+01 3.613018749370095232e-04
-6.535433070866142202e+01 3.801954459417270686e-04
-6.377952755905511850e+01 4.006566075290460532e-04
-6.220472440944882209e+01 4.228696290944349446e-04
-6.062992125984251857e+01 4.470474934808201222e-04
-5.905511811023622215e+01 4.734368832069274459e-04
-5.748031496062991863e+01 5.023339063942303855e-04
-5.590551181102362222e+01 5.340708203649670261e-04
-5.433070866141732580e+01 5.690500041394091742e-04
-5.275590551181102228e+01 6.077481745716396648e-04
-5.118110236220472586e+01 6.507512270919411489e-04
-4.960629921259842234e+01 6.987489262101795285e-04
-4.803149606299212593e+01 7.526061887895897119e-04
-4.645669291338582951e+01 8.133801562613114482e-04
-4.488188976377952599e+01 8.823965281325380546e-04
-4.330708661417322958e+01 9.613407720729370311e-04
-4.173228346456692606e+01 1.052391825841919332e-03
-4.015748031496062964e+01 1.158431577043052794e-03
-3.858267716535433323e+01 1.283309966324746405e-03
-3.700787401574802971e+01 1.432351424471545913e-03
-3.543307086614173329e+01 1.613139257473451610e-03
-3.385826771653543688e+01 1.836811224079658734e-03
-3.228346456692914046e+01 2.120365532305523368e-03
-3.070866141732282983e+01 2.490168021127097536e-03
-2.913385826771653342e+01 2.990765834266561046e-03
-2.755905511811023700e+01 3.655953099950044315e-03
-2.598425196850394059e+01 4.192564999199564421e-03
-2.440944881889764417e+01 -1.684378698631446144e-03
-2.283464566929133355e+01 -7.416874907361587291e-03
-2.125984251968503713e+01 -2.445869645953962883e-03
-1.968503937007874072e+01 3.203285546857100562e-04
-1.811023622047244430e+01 2.568740426006625721e-03
-1.653543307086614789e+01 1.040541981894464035e-03
-1.496062992125983726e+01 -7.942056907398372875e-03
-1.338582677165354085e+01 -8.305813490663525867e-04
-1.181102362204724443e+01 4.447661144264921512e-03
-1.023622047244094801e+01 1.194784212443316535e-02
-8.661417322834651600e+00 3.563803954478846764e-02
-7.086614173228340974e+00 -4.272673435855309926e-02
-5.511811023622044559e+00 -1.863315582584804467e-02
-3.937007874015748143e+00 -1.467945411168477751e-02
-2.362204724409451728e+00 -1.146413430847959859e-02
-7.874015748031553130e-01 6.799103033641821017e-03
7.874015748031553130e-01 1.547200101762842388e-02
2.362204724409451728e+00 -1.101903550166473400e-02
3.937007874015748143e+00 -1.311940895799871241e-02
5.511811023622044559e+00 -1.968247231719157109e-02
7.086614173228340974e+00 -3.390745687423694921e-02
8.661417322834651600e+00 5.468091653436850386e-02
1.023622047244094801e+01 1.086133210606760741e-02
1.181102362204724443e+01 4.107195316745464175e-03
1.338582677165354085e+01 -7.485952661641665645e-04
1.496062992125983726e+01 -1.540066154233107193e-02
1.653543307086614789e+01 -2.116139797631765018e-02
1.811023622047244430e+01 -2.782870937393716257e-04
1.968503937007874072e+01 -3.839629090735966269e-04
2.125984251968503713e+01 -3.116342852897321589e-03
2.283464566929133355e+01 -9.815258336928941660e-03
2.440944881889764417e+01 5.684522141499097174e-04
2.598425196850394059e+01 5.801574934185875672e-03
2.755905511811023700e+01 4.249186976513983673e-03
2.913385826771653342e+01 3.282947716779677748e-03
3.070866141732284404e+01 2.666662329505064925e-03
3.228346456692912625e+01 2.233054768985786448e-03
3.385826771653543688e+01 1.913961304042010366e-03
3.543307086614171908e+01 1.668528251853717637e-03
3.700787401574802971e+01 1.473540491589156063e-03
3.858267716535434033e+01 1.314777263300294808e-03
4.015748031496062254e+01 1.182991099962515903e-03
4.173228346456693316e+01 1.071908471987577166e-03
4.330708661417321537e+01 9.770380432183750109e-04
4.488188976377952599e+01 8.951740055621257297e-04
4.645669291338583662e+01 8.238879880746501289e-04
4.803149606299211882e+01 7.613066682540277482e-04
4.960629921259842945e+01 7.059885647690109130e-04
5.118110236220471165e+01 6.568002825487813823e-04
5.275590551181102228e+01 6.128184436414497484e-04
5.433070866141733291e+01 5.733107617249793685e-04
5.590551181102361511e+01 5.376631077492346296e-04
5.748031496062992574e+01 5.053617313809851417e-04
5.905511811023620794e+01 4.759927403071139568e-04
6.062992125984251857e+01 4.491939539693911871e-04
6.220472440944882919e+01 4.246674522167073230e-04
6.377952755905511140e+01 4.021517055886914297e-04
6.535433070866142202e+01 3.814280755074634082e-04
6.692913385826770423e+01 3.623074164274184533e-04
6.850393700787401485e+01 3.446244566196666375e-04
7.007874015748032548e+01 3.282374522365397694e-04
7.165354330708660768e+01 3.130152393770628061e-04
7.322834645669291831e+01 2.988500072676897323e-04
7.480314960629920051e+01 2.856437214136612604e-04
7.637795275590551114e+01 2.733103094112052317e-04
7.795275590551182177e+01 2.617726258335362124e-04
7.952755905511810397e+01 2.509628381374993727e-04
8.110236220472441460e+01 2.408206776161067684e-04
8.267716535433069680e+01 2.312899542920648314e-04
8.425196850393700743e+01 2.223224442041963787e-04
8.582677165354331805e+01 2.138747958090776724e-04
8.740157480314960026e+01 2.059055365429546388e-04
8.897637795275591088e+01 1.983794626606063790e-04
9.055118110236219309e+01 1.912642375280273208e-04
9.212598425196850371e+01 1.845302772056384589e-04
9.370078740157481434e+01 1.781488599610264777e-04
9.527559055118109654e+01 1.720968258503373892e-04
9.685039370078740717e+01 1.663514197083612936e-04
9.842519685039368937e+01 1.608913434334147650e-04
1.000000000000000000e+02 1.556995556587655559e-04
