-1.000000000000000000e+02 1.489198253308017094e-04
-9.842519685039370358e+01 1.538466811019563191e-04
-9.685039370078740717e+01 1.590262033364393118e-04
-9.527559055118109654e+01 1.644773980769276538e-04
-9.370078740157480013e+01 1.702159819802680782e-04
-9.212598425196850371e+01 1.762658307905356440e-04
-9.055118110236220730e+01 1.826481470686663715e-04
-8.897637795275591088e+01 1.893894087784969314e-04
-8.740157480314960026e+01 1.965171202502502979e-04
-8.582677165354330384e+01 2.040611733485732989e-04
-8.425196850393700743e+01 2.120560718185774155e-04
-8.267716535433071101e+01 2.205389509412121083e-04
-8.110236220472441460e+01 2.295495353443747404e-04
-7.952755905511810397e+01 2.391352257971262425e-04
-7.795275590551180755e+01 2.493454208254778639e-04
-7.637795275590551114e+01 2.602376927020251573e-04
-7.480314960629921472e+01 2.718756282697336367e-04
-7.322834645669291831e+01 2.843295708084877648e-04
-7.165354330708660768e+01 2.976819280350194354e-04
-7.007874015748031127e+01 3.120182953102729325e-04
-6.850393700787401485e+01 3.274453269740300928e-04
-6.692913385826771844e+01 3.440774671029747135e-04
-6.535433070866142202e+01 3.620473514663175279e-04
-6.377952755905511850e+01 3.815062035389003500e-04
-6.220472440944882209e+01 4.026292119121006570e-04
-6.062992125984251857e+01 4.256170161877337581e-04
-5.905511811023622215e+01 4.507093707361051020e-04
-5.748031496062991863e+01 4.781774171513393902e-04
-5.590551181102362222e+01 5.083422357333994409e-04
-5.433070866141732580e+01 5.415847369289638258e-04
-5.275590551181102228e+01 5.783593435501857734e-04
-5.118110236220472586e+01 6.192155646797664875e-04
-4.960629921259842234e+01 6.648125010045444682e-04
-4.803149606299212593e+01 7.159650048125098133e-04
-4.645669291338582951e+01 7.736780862302797268e-04
-4.488188976377952599e+01 8.392047849076519732e-04
-4.330708661417322958e+01 9.141387939828585132e-04
-4.173228346456692606e+01 1.000543107810645616e-03
-4.015748031496062964e+01 1.101140995580650490e-03
-3.858267716535433323e+01 1.219560783993968445e-03
-3.700787401574802971e+01 1.360836951953420422e-03
-3.543307086614173329e+01 1.532103360674573261e-03
-3.385826771653543688e+01 1.743782869339456252e-03
-3.228346456692914046e+01 2.011736905959730492e-03
-3.070866141732282983e+01 2.360242603451241043e-03
-2.913385826771653342e+01 2.828908536873879324e-03
-2.755905511811023700e+01 3.442089452670774301e-03
-2.598425196850394059e+01 3.877904979127975039e-03
-2.440944881889764417e+01 -1.844504806485037672e-03
-2.283464566929133355e+01 -7.204019540049186668e-03
-2.125984251968503713e+01 -2.577902553445901926e-03
-1.968503937007874072e+01 3.200631326067239837e-05
-1.811023622047244430e+01 1.947312699000327326e-03
-1.653543307086614789e+01 -5.080254768930277283e-04
-1.496062992125983726e+01 -6.894917235992036215e-03
-1.338582677165354085e+01 -3.300648732642488120e-04
-1.181102362204724443e+01 4.664304176740349112e-03
-1.023622047244094801e+01 1.170739424007678775e-02
-8.661417322834651600e+00 3.097202158913891362e-02
-7.086614173228340974e+00 -4.096306730677659602e-02
-5.511811023622044559e+00 -1.805085578504479066e-02
-3.937007874015748143e+00 -1.404818078941190082e-02
-2.362204724409451728e+00 -1.103835717340378650e-02
-7.874015748031553130e-01 6.959941275133259796e-03
7.874015748031553130e-01 1.596879195752448632e-02
2.362204724409451728e+00 -1.091958577836204050e-02
3.937007874015748143e+00 -1.282541520886128217e-02
5.511811023622044559e+00 -1.908199224130606442e-02
7.086614173228340974e+00 -3.303025305807450601e-02
8.661417322834651600e+00 4.959650564500137082e-02
1.023622047244094801e+01 1.025298791845337398e-02
1.181102362204724443e+01 4.232954830879012871e-03
1.338582677165354085e+01 -4.543488586406193609e-04
1.496062992125983726e+01 -1.414838232999773328e-02
1.653543307086614789e+01 -2.099806786959092578e-02
1.811023622047244430e+01 -1.036934124802465444e-04
1.968503937007874072e+01 -6.195541320743974505e-04
2.125984251968503713e+01 -3.147693272436773246e-03
2.283464566929133355e+01 -9.554953723284466752e-03
2.440944881889764417e+01 9.895422249957960218e-04
2.598425196850394059e+01 5.707196927232680711e-03
2.755905511811023700e+01 4.104919575297997884e-03
2.913385826771653342e+01 3.163063332557700807e-03
3.070866141732284404e+01 2.567668444750591770e-03
3.228346456692912625e+01 2.144681817032378229e-03
3.385826771653543688e+01 1.836949347323704350e-03
3.543307086614171908e+01 1.600490341828909131e-03
3.700787401574802971e+01 1.412817673733953415e-03
3.858267716535434033e+01 1.260120382406847281e-03
4.015748031496062254e+01 1.133449859697000135e-03
4.173228346456693316e+01 1.026730429944201122e-03
4.330708661417321537e+01 9.356377470218304754e-04
4.488188976377952599e+01 8.570658086234409466e-04
4.645669291338583662e+01 7.886650176145269418e-04
4.803149606299211882e+01 7.286393760261994368e-04
4.960629921259842945e+01 6.755952776331690304e-04
5.118110236220471165e+01 6.284397238977589614e-04
5.275590551181102228e+01 5.862855474153395949e-04
5.433070866141733291e+01 5.484268786388780959e-04
5.590551181102361511e+01 5.142736003086556366e-04
5.748031496062992574e+01 4.833338239817728567e-04
5.905511811023620794e+01 4.552028583396751978e-04
6.062992125984251857e+01 4.295398028668508507e-04
6.220472440944882919e+01 4.060556186196088817e-04
6.377952755905511140e+01 3.844992033399964853e-04
6.535433070866142202e+01 3.646605559422034550e-04
6.692913385826770423e+01 3.463587397888093743e-04
6.850393700787401485e+01 3.294347513506550636e-04
7.007874015748032548e+01 3.137515883979746832e-04
7.165354330708660768e+01 2.991867606910301363e-04
7.322834645669291831e+01 2.856317735615723861e-04
7.480314960629920051e+01 2.729973439065943664e-04
7.637795275590551114e+01 2.611982345437246405e-04
7.795275590551182177e+01 2.501610420795474668e-04
7.952755905511810397e+01 2.398211711808707815e-04
8.110236220472441460e+01 2.301202179556852915e-04
8.267716535433069680e+01 2.210046185627268780e-04
8.425196850393700743e+01 2.124285424663726772e-04
8.582677165354331805e+01 2.043492861686570673e-04
8.740157480314960026e+01 1.967290780172244961e-04
8.897637795275591088e+01 1.895324918364356881e-04
9.055118110236219309e+01 1.827291011349056445e-04
9.212598425196850371e+01 1.762903916913309077e-04
9.370078740157481434e+01 1.701892659046621735e-04
9.527559055118109654e+01 1.644035308979339364e-04
9.685039370078740717e+01 1.589107770635934383e-04
9.842519685039368937e+01 1.536914342361218487e-04
1.000000000000000000e+02 1.487283780244603570e-04
