-1.000000000000000000e+02 -7.856577661917974972e-06
-9.842519685039370358e+01 -8.209510856718517209e-06
-9.685039370078740717e+01 -8.589227483210774540e-06
-9.527559055118109654e+01 -8.998813388451920028e-06
-9.370078740157480013e+01 -9.441796879954435212e-06
-9.212598425196850371e+01 -9.922298466340879943e-06
-9.055118110236220730e+01 -1.044518026766608729e-05
-8.897637795275591088e+01 -1.101614238659231965e-05
-8.740157480314960026e+01 -1.164203165420444277e-05
-8.582677165354330384e+01 -1.233109205590043336e-05
-8.425196850393700743e+01 -1.309323570885914869e-05
-8.267716535433071101e+01 -1.394075094246594745e-05
-8.110236220472441460e+01 -1.488913182697820820e-05
-7.952755905511810397e+01 -1.595845204493721387e-05
-7.795275590551180755e+01 -1.717515990805747558e-05
-7.637795275590551114e+01 -1.857979285313735379e-05
-7.480314960629921472e+01 -2.024891490330933872e-05
-7.322834645669291831e+01 -2.238907975970135474e-05
-7.165354330708660768e+01 -2.563486143604659217e-05
-7.007874015748031127e+01 -2.980116590699860357e-05
-6.850393700787401485e+01 -3.324669726946491758e-05
-6.692913385826771844e+01 -3.754271782557330186e-05
-6.535433070866142202e+01 -4.372464864907262921e-05
-6.377952755905511850e+01 -5.290928443315287745e-05
-6.220472440944882209e+01 -6.766106749833197137e-05
-6.062992125984251857e+01 -9.483484671664985815e-05
-5.905511811023622215e+01 -1.546519854797685431e-04
-5.748031496062991863e+01 -2.281750452210553920e-04
-5.590551181102362222e+01 -6.027160106369598670e-05
-5.433070866141732580e+01 2.230625052059494014e-06
-5.275590551181102228e+01 8.310109066696365186e-06
-5.118110236220472586e+01 2.288902669792511107e-05
-4.960629921259842234e+01 7.802640464445919017e-05
-4.803149606299212593e+01 1.057558940212812066e-04
-4.645669291338582951e+01 8.192050651875033862e-05
-4.488188976377952599e+01 6.599747384591652299e-05
-4.330708661417322958e+01 5.923094520217443725e-05
-4.173228346456692606e+01 4.284307159054963999e-05
-4.015748031496062964e+01 6.055997421635878286e-05
-3.858267716535433323e+01 1.032188096662466732e-04
-3.700787401574802971e+01 7.752716868944349517e-05
-3.543307086614173329e+01 4.731356585459622443e-05
-3.385826771653543688e+01 3.152717319958131634e-05
-3.228346456692914046e+01 1.317422515094545730e-05
-3.070866141732282983e+01 -1.180552963586826374e-05
-2.913385826771653342e+01 -3.911622092863753595e-05
-2.755905511811023700e+01 -6.763631713220213232e-05
-2.598425196850394059e+01 -1.155773900355009211e-04
-2.440944881889764417e+01 -2.408130682200176746e-04
-2.283464566929133355e+01 -5.910578313410449168e-04
-2.125984251968503713e+01 -5.276874260756481702e-04
-1.968503937007874072e+01 -2.947268624027227311e-04
-1.811023622047244430e+01 -9.512526089656573930e-05
-1.653543307086614789e+01 4.981224629143952374e-05
-1.496062992125983726e+01 8.856564405855196385e-05
-1.338582677165354085e+01 6.603002196326790451e-05
-1.181102362204724443e+01 2.939057202464836013e-05
-1.023622047244094801e+01 3.453632414879309636e-05
-8.661417322834651600e+00 4.425630144723928592e-05
-7.086614173228340974e+00 2.997727735816674218e-05
-5.511811023622044559e+00 5.129944220668675278e-05
-3.937007874015748143e+00 1.938394136163493805e-04
-2.362204724409451728e+00 2.128331412917728238e-04
-7.874015748031553130e-01 1.930050758146175500e-04
7.874015748031553130e-01 2.180650620057543519e-04
2.362204724409451728e+00 2.111504795982935159e-04
3.937007874015748143e+00 1.784069069944568472e-04
5.511811023622044559e+00 1.740988853561175470e-04
7.086614173228340974e+00 2.263489393034817784e-04
8.661417322834651600e+00 3.131203068216522429e-04
1.023622047244094801e+01 5.216561292884354340e-04
1.181102362204724443e+01 1.242670090970033996e-03
1.338582677165354085e+01 -2.756756369634446278e-04
1.496062992125983726e+01 -1.936801712357952396e-04
1.653543307086614789e+01 -1.211019759425672169e-04
1.811023622047244430e+01 -8.421775191925602252e-05
1.968503937007874072e+01 -6.056047530608972345e-05
2.125984251968503713e+01 -4.094382926923256501e-05
2.283464566929133355e+01 -2.152531114316964784e-05
2.440944881889764417e+01 -3.885976844950354879e-06
2.598425196850394059e+01 1.806376127954485521e-06
2.755905511811023700e+01 -2.214958697771154765e-05
2.913385826771653342e+01 -1.396671652466403217e-04
3.070866141732284404e+01 -1.425309726279959171e-04
3.228346456692912625e+01 -6.384194473406875378e-05
3.385826771653543688e+01 -2.367154675382470764e-05
3.543307086614171908e+01 -1.250707306617650938e-05
3.700787401574802971e+01 -6.790957977052276541e-06
3.858267716535434033e+01 1.587471887578907704e-05
4.015748031496062254e+01 4.718425383119360017e-05
4.173228346456693316e+01 7.684212664064453868e-05
4.330708661417321537e+01 7.410322766930545115e-05
4.488188976377952599e+01 8.103728967306619065e-05
4.645669291338583662e+01 1.704829955899545110e-04
4.803149606299211882e+01 8.777739356002046641e-05
4.960629921259842945e+01 8.705959449419197371e-06
5.118110236220471165e+01 -1.009075738627915095e-05
5.275590551181102228e+01 -1.583714115945600894e-05
5.433070866141733291e+01 -1.702997859043118810e-05
5.590551181102361511e+01 -1.651795018528458793e-05
5.748031496062992574e+01 -1.569510562314494983e-05
5.905511811023620794e+01 -1.484950361460140320e-05
6.062992125984251857e+01 -1.400652013886211909e-05
6.220472440944882919e+01 -1.324645437734990860e-05
6.377952755905511140e+01 -1.265480591926937885e-05
6.535433070866142202e+01 -1.205365660872069421e-05
6.692913385826770423e+01 -1.146443598965934726e-05
6.850393700787401485e+01 -1.090870103809881233e-05
7.007874015748032548e+01 -1.038996228399498517e-05
7.165354330708660768e+01 -9.906978943534602866e-06
7.322834645669291831e+01 -9.457343631095052817e-06
7.480314960629920051e+01 -9.038328060217214896e-06
7.637795275590551114e+01 -8.647398024661127877e-06
7.795275590551182177e+01 -8.282065400036521237e-06
7.952755905511810397e+01 -7.940251334224478013e-06
8.110236220472441460e+01 -7.619843463386917967e-06
8.267716535433069680e+01 -7.319179283927609151e-06
8.425196850393700743e+01 -7.036575821948430371e-06
8.582677165354331805e+01 -6.770588162932245378e-06
8.740157480314960026e+01 -6.519985270042352892e-06
8.897637795275591088e+01 -6.283533161459052441e-06
9.055118110236219309e+01 -6.060152297829815395e-06
9.212598425196850371e+01 -5.848889558353079381e-06
9.370078740157481434e+01 -5.648853482787801475e-06
9.527559055118109654e+01 -5.459242200184305846e-06
9.685039370078740717e+01 -5.279347331752299368e-06
9.842519685039368937e+01 -5.108452640657034591e-06
1.000000000000000000e+02 -4.945977674870241506e-06
