-1.000000000000000000e+02 -7.945724934786839430e-06
-9.842519685039370358e+01 -8.302196847074918369e-06
-9.685039370078740717e+01 -8.685697716008052200e-06
-9.527559055118109654e+01 -9.099341005985319385e-06
-9.370078740157480013e+01 -9.546686607581493012e-06
-9.212598425196850371e+01 -1.003189098176067692e-05
-9.055118110236220730e+01 -1.055986280927508791e-05
-8.897637795275591088e+01 -1.113635366965807702e-05
-8.740157480314960026e+01 -1.176827678565048532e-05
-8.582677165354330384e+01 -1.246395596262820594e-05
-8.425196850393700743e+01 -1.323340457288388171e-05
-8.267716535433071101e+01 -1.408904225995538053e-05
-8.110236220472441460e+01 -1.504654220110367423e-05
-7.952755905511810397e+01 -1.612622766823618652e-05
-7.795275590551180755e+01 -1.735492632991520953e-05
-7.637795275590551114e+01 -1.877379723390846841e-05
-7.480314960629921472e+01 -2.046052518105053800e-05
-7.322834645669291831e+01 -2.262362408840164760e-05
-7.165354330708660768e+01 -2.589679828662146881e-05
-7.007874015748031127e+01 -3.007525135097143475e-05
-6.850393700787401485e+01 -3.353316778136283095e-05
-6.692913385826771844e+01 -3.785910890276463197e-05
-6.535433070866142202e+01 -4.408498692827963328e-05
-6.377952755905511850e+01 -5.333007200814729443e-05
-6.220472440944882209e+01 -6.816599124127227277e-05
-6.062992125984251857e+01 -9.545012106622247940e-05
-5.905511811023622215e+01 -1.552555724589184611e-04
-5.748031496062991863e+01 -2.269788341989747841e-04
-5.590551181102362222e+01 -5.736583739042410264e-05
-5.433070866141732580e+01 4.199721556721036427e-06
-5.275590551181102228e+01 9.961476981987190299e-06
-5.118110236220472586e+01 2.468146343735816043e-05
-4.960629921259842234e+01 7.981238841623167408e-05
-4.803149606299212593e+01 1.065587813188236096e-04
-4.645669291338582951e+01 8.211971181544460438e-05
-4.488188976377952599e+01 6.597966948136887446e-05
-4.330708661417322958e+01 5.895228414842758666e-05
-4.173228346456692606e+01 4.238160150448338776e-05
-4.015748031496062964e+01 6.101780748612789848e-05
-3.858267716535433323e+01 1.037407401720837324e-04
-3.700787401574802971e+01 7.729472903479406342e-05
-3.543307086614173329e+01 4.680863299673232442e-05
-3.385826771653543688e+01 3.093442754275979362e-05
-3.228346456692914046e+01 1.224707337293570416e-05
-3.070866141732282983e+01 -1.306672995603748249e-05
-2.913385826771653342e+01 -4.067580580831006503e-05
-2.755905511811023700e+01 -6.954473250790416995e-05
-2.598425196850394059e+01 -1.181534121071530549e-04
-2.440944881889764417e+01 -2.445768814641532257e-04
-2.283464566929133355e+01 -5.944851831582547959e-04
-2.125984251968503713e+01 -5.235329824948501808e-04
-1.968503937007874072e+01 -2.892254905482042671e-04
-1.811023622047244430e+01 -8.947125320118614396e-05
-1.653543307086614789e+01 5.400763181118871441e-05
-1.496062992125983726e+01 9.122161020318612945e-05
-1.338582677165354085e+01 6.775396327617967413e-05
-1.181102362204724443e+01 3.096510631031712958e-05
-1.023622047244094801e+01 3.631548788495164357e-05
-8.661417322834651600e+00 4.586369016590525203e-05
-7.086614173228340974e+00 3.138595787882833782e-05
-5.511811023622044559e+00 5.264059901950685305e-05
-3.937007874015748143e+00 1.961033343896602919e-04
-2.362204724409451728e+00 2.150723338978294057e-04
-7.874015748031553130e-01 1.951495848130689679e-04
7.874015748031553130e-01 2.200795288628544749e-04
2.362204724409451728e+00 2.129256505661403318e-04
3.937007874015748143e+00 1.800724004441569528e-04
5.511811023622044559e+00 1.759681540427340059e-04
7.086614173228340974e+00 2.284538446906575785e-04
8.661417322834651600e+00 3.153368939119515586e-04
1.023622047244094801e+01 5.236374651867558433e-04
1.181102362204724443e+01 1.237526145354957965e-03
1.338582677165354085e+01 -2.834538645069959633e-04
1.496062992125983726e+01 -1.964452692674027072e-04
1.653543307086614789e+01 -1.224658960746403654e-04
1.811023622047244430e+01 -8.495058411397251382e-05
1.968503937007874072e+01 -6.087804843821387104e-05
2.125984251968503713e+01 -4.095993168993810241e-05
2.283464566929133355e+01 -2.133203655977870811e-05
2.440944881889764417e+01 -3.574150511438934340e-06
2.598425196850394059e+01 2.148595575320351035e-06
2.755905511811023700e+01 -2.202552724025961305e-05
2.913385826771653342e+01 -1.406243997456943918e-04
3.070866141732284404e+01 -1.437732994435392806e-04
3.228346456692912625e+01 -6.422683924007887126e-05
3.385826771653543688e+01 -2.380943717409261692e-05
3.543307086614171908e+01 -1.260041340318153791e-05
3.700787401574802971e+01 -6.668303611958173661e-06
3.858267716535434033e+01 1.623006701449836690e-05
4.015748031496062254e+01 4.755840415658822929e-05
4.173228346456693316e+01 7.703243843754719006e-05
4.330708661417321537e+01 7.398113300371205662e-05
4.488188976377952599e+01 8.108044743956286131e-05
4.645669291338583662e+01 1.702503817089650456e-04
4.803149606299211882e+01 8.620769270011442807e-05
4.960629921259842945e+01 7.337959189247940904e-06
5.118110236220471165e+01 -1.113975731786409274e-05
5.275590551181102228e+01 -1.667096978257090614e-05
5.433070866141733291e+01 -1.771395833997381589e-05
5.590551181102361511e+01 -1.709931554643308221e-05
5.748031496062992574e+01 -1.620187910393233250e-05
5.905511811023620794e+01 -1.529850067614312787e-05
6.062992125984251857e+01 -1.440823051689326625e-05
6.220472440944882919e+01 -1.360873646410849557e-05
6.377952755905511140e+01 -1.298606336112980656e-05
6.535433070866142202e+01 -1.235856387463764530e-05
6.692913385826770423e+01 -1.174631096769918606e-05
6.850393700787401485e+01 -1.117034380494872146e-05
7.007874015748032548e+01 -1.063373717888352685e-05
7.165354330708660768e+01 -1.013487591713887945e-05
7.322834645669291831e+01 -9.671044006690945099e-06
7.480314960629920051e+01 -9.239266121660331664e-06
7.637795275590551114e+01 -8.836805516536783343e-06
7.795275590551182177e+01 -8.461008160232884854e-06
7.952755905511810397e+01 -8.109656628950375463e-06
8.110236220472441460e+01 -7.780523735611936942e-06
8.267716535433069680e+01 -7.471850291500698729e-06
8.425196850393700743e+01 -7.181871599713677567e-06
8.582677165354331805e+01 -6.909073082164786901e-06
8.740157480314960026e+01 -6.652163056618761220e-06
8.897637795275591088e+01 -6.409856145536153092e-06
9.055118110236219309e+01 -6.181027698768811236e-06
9.212598425196850371e+01 -5.964685717665848793e-06
9.370078740157481434e+01 -5.759904155081967846e-06
9.527559055118109654e+01 -5.565850882292011918e-06
9.685039370078740717e+01 -5.381790501147696323e-06
9.842519685039368937e+01 -5.206983663454278172e-06
1.000000000000000000e+02 -5.040828441502355148e-06
