0 0 0 1 -2 0 0 1
0 0 0 1 -2 0 0 -1
0 0 0 1 -1 -1 0 1
0 0 0 1 -1 -1 0 -1
0 0 0 1 -1 1 0 1
0 0 0 1 -1 1 0 -1
0 0 0 1 0 -2 0 1
0 0 0 1 0 -2 0 -1
0 0 0 1 0 0 0 1
0 0 0 1 0 0 0 -1
0 0 0 1 0 2 0 1
0 0 0 1 0 2 0 -1
0 0 0 1 1 -1 0 1
0 0 0 1 1 -1 0 -1
0 0 0 1 1 1 0 1
0 0 0 1 1 1 0 -1
0 0 0 1 2 0 0 1
0 0 0 1 2 0 0 -1
2 -2 0 1 -2 0 0 1
2 -2 0 1 -2 0 0 -1
2 -2 0 1 -1 -1 0 1
2 -2 0 1 -1 -1 0 -1
2 -2 0 1 -1 1 0 1
2 -2 0 1 -1 1 0 -1
2 -2 0 1 0 -2 0 1
2 -2 0 1 0 -2 0 -1
2 -2 0 1 0 0 0 1
2 -2 0 1 0 0 0 -1
2 -2 0 1 0 2 0 1
2 -2 0 1 0 2 0 -1
2 -2 0 1 1 -1 0 1
2 -2 0 1 1 -1 0 -1
2 -2 0 1 1 1 0 1
2 -2 0 1 1 1 0 -1
2 -2 0 1 2 0 0 1
2 -2 0 1 2 0 0 -1
2 -1 0 1 -2 0 0 1
2 -1 0 1 -2 0 0 -1
2 -1 0 1 -1 -1 0 1
2 -1 0 1 -1 -1 0 -1
2 -1 0 1 -1 1 0 1
2 -1 0 1 -1 1 0 -1
2 -1 0 1 0 -2 0 1
2 -1 0 1 0 -2 0 -1
2 -1 0 1 0 0 0 1
2 -1 0 1 0 0 0 -1
2 -1 0 1 0 2 0 1
2 -1 0 1 0 2 0 -1
2 -1 0 1 1 -1 0 1
2 -1 0 1 1 -1 0 -1
2 -1 0 1 1 1 0 1
2 -1 0 1 1 1 0 -1
2 -1 0 1 2 0 0 1
2 -1 0 1 2 0 0 -1
2 0 0 1 -2 0 0 1
2 0 0 1 -2 0 0 -1
2 0 0 1 -1 -1 0 1
2 0 0 1 -1 -1 0 -1
2 0 0 1 -1 1 0 1
2 0 0 1 -1 1 0 -1
2 0 0 1 0 -2 0 1
2 0 0 1 0 -2 0 -1
2 0 0 1 0 0 0 1
2 0 0 1 0 0 0 -1
2 0 0 1 0 2 0 1
2 0 0 1 0 2 0 -1
2 0 0 1 1 -1 0 1
2 0 0 1 1 -1 0 -1
2 0 0 1 1 1 0 1
2 0 0 1 1 1 0 -1
2 0 0 1 2 0 0 1
2 0 0 1 2 0 0 -1
2 1 0 1 -2 0 0 1
2 1 0 1 -2 0 0 -1
2 1 0 1 -1 -1 0 1
2 1 0 1 -1 -1 0 -1
2 1 0 1 -1 1 0 1
2 1 0 1 -1 1 0 -1
2 1 0 1 0 -2 0 1
2 1 0 1 0 -2 0 -1
2 1 0 1 0 0 0 1
2 1 0 1 0 0 0 -1
2 1 0 1 0 2 0 1
2 1 0 1 0 2 0 -1
2 1 0 1 1 -1 0 1
2 1 0 1 1 -1 0 -1
2 1 0 1 1 1 0 1
2 1 0 1 1 1 0 -1
2 1 0 1 2 0 0 1
2 1 0 1 2 0 0 -1
2 2 0 1 -2 0 0 1
2 2 0 1 -2 0 0 -1
2 2 0 1 -1 -1 0 1
2 2 0 1 -1 -1 0 -1
2 2 0 1 -1 1 0 1
2 2 0 1 -1 1 0 -1
2 2 0 1 0 -2 0 1
2 2 0 1 0 -2 0 -1
2 2 0 1 0 0 0 1
2 2 0 1 0 0 0 -1
2 2 0 1 0 2 0 1
2 2 0 1 0 2 0 -1
2 2 0 1 1 -1 0 1
2 2 0 1 1 -1 0 -1
2 2 0 1 1 1 0 1
2 2 0 1 1 1 0 -1
2 2 0 1 2 0 0 1
2 2 0 1 2 0 0 -1
2 -2 2 1 -2 0 0 1
2 -2 2 1 -2 0 0 -1
2 -2 2 1 -1 -1 0 1
2 -2 2 1 -1 -1 0 -1
2 -2 2 1 -1 1 0 1
2 -2 2 1 -1 1 0 -1
2 -2 2 1 0 -2 0 1
2 -2 2 1 0 -2 0 -1
2 -2 2 1 0 0 0 1
2 -2 2 1 0 0 0 -1
2 -2 2 1 0 2 0 1
2 -2 2 1 0 2 0 -1
2 -2 2 1 1 -1 0 1
2 -2 2 1 1 -1 0 -1
2 -2 2 1 1 1 0 1
2 -2 2 1 1 1 0 -1
2 -2 2 1 2 0 0 1
2 -2 2 1 2 0 0 -1
2 -1 2 1 -2 0 0 1
2 -1 2 1 -2 0 0 -1
2 -1 2 1 -1 -1 0 1
2 -1 2 1 -1 -1 0 -1
2 -1 2 1 -1 1 0 1
2 -1 2 1 -1 1 0 -1
2 -1 2 1 0 -2 0 1
2 -1 2 1 0 -2 0 -1
2 -1 2 1 0 0 0 1
2 -1 2 1 0 0 0 -1
2 -1 2 1 0 2 0 1
2 -1 2 1 0 2 0 -1
2 -1 2 1 1 -1 0 1
2 -1 2 1 1 -1 0 -1
2 -1 2 1 1 1 0 1
2 -1 2 1 1 1 0 -1
2 -1 2 1 2 0 0 1
2 -1 2 1 2 0 0 -1
2 0 2 1 -2 0 0 1
2 0 2 1 -2 0 0 -1
2 0 2 1 -1 -1 0 1
2 0 2 1 -1 -1 0 -1
2 0 2 1 -1 1 0 1
2 0 2 1 -1 1 0 -1
2 0 2 1 0 -2 0 1
2 0 2 1 0 -2 0 -1
2 0 2 1 0 0 0 1
2 0 2 1 0 0 0 -1
2 0 2 1 0 2 0 1
2 0 2 1 0 2 0 -1
2 0 2 1 1 -1 0 1
2 0 2 1 1 -1 0 -1
2 0 2 1 1 1 0 1
2 0 2 1 1 1 0 -1
2 0 2 1 2 0 0 1
2 0 2 1 2 0 0 -1
2 1 2 1 -2 0 0 1
2 1 2 1 -2 0 0 -1
2 1 2 1 -1 -1 0 1
2 1 2 1 -1 -1 0 -1
2 1 2 1 -1 1 0 1
2 1 2 1 -1 1 0 -1
2 1 2 1 0 -2 0 1
2 1 2 1 0 -2 0 -1
2 1 2 1 0 0 0 1
2 1 2 1 0 0 0 -1
2 1 2 1 0 2 0 1
2 1 2 1 0 2 0 -1
2 1 2 1 1 -1 0 1
2 1 2 1 1 -1 0 -1
2 1 2 1 1 1 0 1
2 1 2 1 1 1 0 -1
2 1 2 1 2 0 0 1
2 1 2 1 2 0 0 -1
2 2 2 1 -2 0 0 1
2 2 2 1 -2 0 0 -1
2 2 2 1 -1 -1 0 1
2 2 2 1 -1 -1 0 -1
2 2 2 1 -1 1 0 1
2 2 2 1 -1 1 0 -1
2 2 2 1 0 -2 0 1
2 2 2 1 0 -2 0 -1
2 2 2 1 0 0 0 1
2 2 2 1 0 0 0 -1
2 2 2 1 0 2 0 1
2 2 2 1 0 2 0 -1
2 2 2 1 1 -1 0 1
2 2 2 1 1 -1 0 -1
2 2 2 1 1 1 0 1
2 2 2 1 1 1 0 -1
2 2 2 1 2 0 0 1
2 2 2 1 2 0 0 -1
3 -3 2 1 -2 0 0 1
3 -3 2 1 -2 0 0 -1
3 -3 2 1 -1 -1 0 1
3 -3 2 1 -1 -1 0 -1
3 -3 2 1 -1 1 0 1
3 -3 2 1 -1 1 0 -1
3 -3 2 1 0 -2 0 1
3 -3 2 1 0 -2 0 -1
3 -3 2 1 0 0 0 1
3 -3 2 1 0 0 0 -1
3 -3 2 1 0 2 0 1
3 -3 2 1 0 2 0 -1
3 -3 2 1 1 -1 0 1
3 -3 2 1 1 -1 0 -1
3 -3 2 1 1 1 0 1
3 -3 2 1 1 1 0 -1
3 -3 2 1 2 0 0 1
3 -3 2 1 2 0 0 -1
3 -2 2 1 -2 0 0 1
3 -2 2 1 -2 0 0 -1
3 -2 2 1 -1 -1 0 1
3 -2 2 1 -1 -1 0 -1
3 -2 2 1 -1 1 0 1
3 -2 2 1 -1 1 0 -1
3 -2 2 1 0 -2 0 1
3 -2 2 1 0 -2 0 -1
3 -2 2 1 0 0 0 1
3 -2 2 1 0 0 0 -1
3 -2 2 1 0 2 0 1
3 -2 2 1 0 2 0 -1
3 -2 2 1 1 -1 0 1
3 -2 2 1 1 -1 0 -1
3 -2 2 1 1 1 0 1
3 -2 2 1 1 1 0 -1
3 -2 2 1 2 0 0 1
3 -2 2 1 2 0 0 -1
3 -1 2 1 -2 0 0 1
3 -1 2 1 -2 0 0 -1
3 -1 2 1 -1 -1 0 1
3 -1 2 1 -1 -1 0 -1
3 -1 2 1 -1 1 0 1
3 -1 2 1 -1 1 0 -1
3 -1 2 1 0 -2 0 1
3 -1 2 1 0 -2 0 -1
3 -1 2 1 0 0 0 1
3 -1 2 1 0 0 0 -1
3 -1 2 1 0 2 0 1
3 -1 2 1 0 2 0 -1
3 -1 2 1 1 -1 0 1
3 -1 2 1 1 -1 0 -1
3 -1 2 1 1 1 0 1
3 -1 2 1 1 1 0 -1
3 -1 2 1 2 0 0 1
3 -1 2 1 2 0 0 -1
3 0 2 1 -2 0 0 1
3 0 2 1 -2 0 0 -1
3 0 2 1 -1 -1 0 1
3 0 2 1 -1 -1 0 -1
3 0 2 1 -1 1 0 1
3 0 2 1 -1 1 0 -1
3 0 2 1 0 -2 0 1
3 0 2 1 0 -2 0 -1
3 0 2 1 0 0 0 1
3 0 2 1 0 0 0 -1
3 0 2 1 0 2 0 1
3 0 2 1 0 2 0 -1
3 0 2 1 1 -1 0 1
3 0 2 1 1 -1 0 -1
3 0 2 1 1 1 0 1
3 0 2 1 1 1 0 -1
3 0 2 1 2 0 0 1
3 0 2 1 2 0 0 -1
3 1 2 1 -2 0 0 1
3 1 2 1 -2 0 0 -1
3 1 2 1 -1 -1 0 1
3 1 2 1 -1 -1 0 -1
3 1 2 1 -1 1 0 1
3 1 2 1 -1 1 0 -1
3 1 2 1 0 -2 0 1
3 1 2 1 0 -2 0 -1
3 1 2 1 0 0 0 1
3 1 2 1 0 0 0 -1
3 1 2 1 0 2 0 1
3 1 2 1 0 2 0 -1
3 1 2 1 1 -1 0 1
3 1 2 1 1 -1 0 -1
3 1 2 1 1 1 0 1
3 1 2 1 1 1 0 -1
3 1 2 1 2 0 0 1
3 1 2 1 2 0 0 -1
3 2 2 1 -2 0 0 1
3 2 2 1 -2 0 0 -1
3 2 2 1 -1 -1 0 1
3 2 2 1 -1 -1 0 -1
3 2 2 1 -1 1 0 1
3 2 2 1 -1 1 0 -1
3 2 2 1 0 -2 0 1
3 2 2 1 0 -2 0 -1
3 2 2 1 0 0 0 1
3 2 2 1 0 0 0 -1
3 2 2 1 0 2 0 1
3 2 2 1 0 2 0 -1
3 2 2 1 1 -1 0 1
3 2 2 1 1 -1 0 -1
3 2 2 1 1 1 0 1
3 2 2 1 1 1 0 -1
3 2 2 1 2 0 0 1
3 2 2 1 2 0 0 -1
3 3 2 1 -2 0 0 1
3 3 2 1 -2 0 0 -1
3 3 2 1 -1 -1 0 1
3 3 2 1 -1 -1 0 -1
3 3 2 1 -1 1 0 1
3 3 2 1 -1 1 0 -1
3 3 2 1 0 -2 0 1
3 3 2 1 0 -2 0 -1
3 3 2 1 0 0 0 1
3 3 2 1 0 0 0 -1
3 3 2 1 0 2 0 1
3 3 2 1 0 2 0 -1
3 3 2 1 1 -1 0 1
3 3 2 1 1 -1 0 -1
3 3 2 1 1 1 0 1
3 3 2 1 1 1 0 -1
3 3 2 1 2 0 0 1
3 3 2 1 2 0 0 -1
4 -3 0 1 -2 0 0 1
4 -3 0 1 -2 0 0 -1
4 -3 0 1 -1 -1 0 1
4 -3 0 1 -1 -1 0 -1
4 -3 0 1 -1 1 0 1
4 -3 0 1 -1 1 0 -1
4 -3 0 1 0 -2 0 1
4 -3 0 1 0 -2 0 -1
4 -3 0 1 0 0 0 1
4 -3 0 1 0 0 0 -1
4 -3 0 1 0 2 0 1
4 -3 0 1 0 2 0 -1
4 -3 0 1 1 -1 0 1
4 -3 0 1 1 -1 0 -1
4 -3 0 1 1 1 0 1
4 -3 0 1 1 1 0 -1
4 -3 0 1 2 0 0 1
4 -3 0 1 2 0 0 -1
4 -2 0 1 -2 0 0 1
4 -2 0 1 -2 0 0 -1
4 -2 0 1 -1 -1 0 1
4 -2 0 1 -1 -1 0 -1
4 -2 0 1 -1 1 0 1
4 -2 0 1 -1 1 0 -1
4 -2 0 1 0 -2 0 1
4 -2 0 1 0 -2 0 -1
4 -2 0 1 0 0 0 1
4 -2 0 1 0 0 0 -1
4 -2 0 1 0 2 0 1
4 -2 0 1 0 2 0 -1
4 -2 0 1 1 -1 0 1
4 -2 0 1 1 -1 0 -1
4 -2 0 1 1 1 0 1
4 -2 0 1 1 1 0 -1
4 -2 0 1 2 0 0 1
4 -2 0 1 2 0 0 -1
4 -1 0 1 -2 0 0 1
4 -1 0 1 -2 0 0 -1
4 -1 0 1 -1 -1 0 1
4 -1 0 1 -1 -1 0 -1
4 -1 0 1 -1 1 0 1
4 -1 0 1 -1 1 0 -1
4 -1 0 1 0 -2 0 1
4 -1 0 1 0 -2 0 -1
4 -1 0 1 0 0 0 1
4 -1 0 1 0 0 0 -1
4 -1 0 1 0 2 0 1
4 -1 0 1 0 2 0 -1
4 -1 0 1 1 -1 0 1
4 -1 0 1 1 -1 0 -1
4 -1 0 1 1 1 0 1
4 -1 0 1 1 1 0 -1
4 -1 0 1 2 0 0 1
4 -1 0 1 2 0 0 -1
4 0 0 1 -2 0 0 1
4 0 0 1 -2 0 0 -1
4 0 0 1 -1 -1 0 1
4 0 0 1 -1 -1 0 -1
4 0 0 1 -1 1 0 1
4 0 0 1 -1 1 0 -1
4 0 0 1 0 -2 0 1
4 0 0 1 0 -2 0 -1
4 0 0 1 0 0 0 1
4 0 0 1 0 0 0 -1
4 0 0 1 0 2 0 1
4 0 0 1 0 2 0 -1
4 0 0 1 1 -1 0 1
4 0 0 1 1 -1 0 -1
4 0 0 1 1 1 0 1
4 0 0 1 1 1 0 -1
4 0 0 1 2 0 0 1
4 0 0 1 2 0 0 -1
4 1 0 1 -2 0 0 1
4 1 0 1 -2 0 0 -1
4 1 0 1 -1 -1 0 1
4 1 0 1 -1 -1 0 -1
4 1 0 1 -1 1 0 1
4 1 0 1 -1 1 0 -1
4 1 0 1 0 -2 0 1
4 1 0 1 0 -2 0 -1
4 1 0 1 0 0 0 1
4 1 0 1 0 0 0 -1
4 1 0 1 0 2 0 1
4 1 0 1 0 2 0 -1
4 1 0 1 1 -1 0 1
4 1 0 1 1 -1 0 -1
4 1 0 1 1 1 0 1
4 1 0 1 1 1 0 -1
4 1 0 1 2 0 0 1
4 1 0 1 2 0 0 -1
4 2 0 1 -2 0 0 1
4 2 0 1 -2 0 0 -1
4 2 0 1 -1 -1 0 1
4 2 0 1 -1 -1 0 -1
4 2 0 1 -1 1 0 1
4 2 0 1 -1 1 0 -1
4 2 0 1 0 -2 0 1
4 2 0 1 0 -2 0 -1
4 2 0 1 0 0 0 1
4 2 0 1 0 0 0 -1
4 2 0 1 0 2 0 1
4 2 0 1 0 2 0 -1
4 2 0 1 1 -1 0 1
4 2 0 1 1 -1 0 -1
4 2 0 1 1 1 0 1
4 2 0 1 1 1 0 -1
4 2 0 1 2 0 0 1
4 2 0 1 2 0 0 -1
4 3 0 1 -2 0 0 1
4 3 0 1 -2 0 0 -1
4 3 0 1 -1 -1 0 1
4 3 0 1 -1 -1 0 -1
4 3 0 1 -1 1 0 1
4 3 0 1 -1 1 0 -1
4 3 0 1 0 -2 0 1
4 3 0 1 0 -2 0 -1
4 3 0 1 0 0 0 1
4 3 0 1 0 0 0 -1
4 3 0 1 0 2 0 1
4 3 0 1 0 2 0 -1
4 3 0 1 1 -1 0 1
4 3 0 1 1 -1 0 -1
4 3 0 1 1 1 0 1
4 3 0 1 1 1 0 -1
4 3 0 1 2 0 0 1
4 3 0 1 2 0 0 -1
4 -3 2 1 -2 0 0 1
4 -3 2 1 -2 0 0 -1
4 -3 2 1 -1 -1 0 1
4 -3 2 1 -1 -1 0 -1
4 -3 2 1 -1 1 0 1
4 -3 2 1 -1 1 0 -1
4 -3 2 1 0 -2 0 1
4 -3 2 1 0 -2 0 -1
4 -3 2 1 0 0 0 1
4 -3 2 1 0 0 0 -1
4 -3 2 1 0 2 0 1
4 -3 2 1 0 2 0 -1
4 -3 2 1 1 -1 0 1
4 -3 2 1 1 -1 0 -1
4 -3 2 1 1 1 0 1
4 -3 2 1 1 1 0 -1
4 -3 2 1 2 0 0 1
4 -3 2 1 2 0 0 -1
4 -2 2 1 -2 0 0 1
4 -2 2 1 -2 0 0 -1
4 -2 2 1 -1 -1 0 1
4 -2 2 1 -1 -1 0 -1
4 -2 2 1 -1 1 0 1
4 -2 2 1 -1 1 0 -1
4 -2 2 1 0 -2 0 1
4 -2 2 1 0 -2 0 -1
4 -2 2 1 0 0 0 1
4 -2 2 1 0 0 0 -1
4 -2 2 1 0 2 0 1
4 -2 2 1 0 2 0 -1
4 -2 2 1 1 -1 0 1
4 -2 2 1 1 -1 0 -1
4 -2 2 1 1 1 0 1
4 -2 2 1 1 1 0 -1
4 -2 2 1 2 0 0 1
4 -2 2 1 2 0 0 -1
4 -1 2 1 -2 0 0 1
4 -1 2 1 -2 0 0 -1
4 -1 2 1 -1 -1 0 1
4 -1 2 1 -1 -1 0 -1
4 -1 2 1 -1 1 0 1
4 -1 2 1 -1 1 0 -1
4 -1 2 1 0 -2 0 1
4 -1 2 1 0 -2 0 -1
4 -1 2 1 0 0 0 1
4 -1 2 1 0 0 0 -1
4 -1 2 1 0 2 0 1
4 -1 2 1 0 2 0 -1
4 -1 2 1 1 -1 0 1
4 -1 2 1 1 -1 0 -1
4 -1 2 1 1 1 0 1
4 -1 2 1 1 1 0 -1
4 -1 2 1 2 0 0 1
4 -1 2 1 2 0 0 -1
4 0 2 1 -2 0 0 1
4 0 2 1 -2 0 0 -1
4 0 2 1 -1 -1 0 1
4 0 2 1 -1 -1 0 -1
4 0 2 1 -1 1 0 1
4 0 2 1 -1 1 0 -1
4 0 2 1 0 -2 0 1
4 0 2 1 0 -2 0 -1
4 0 2 1 0 0 0 1
4 0 2 1 0 0 0 -1
4 0 2 1 0 2 0 1
4 0 2 1 0 2 0 -1
4 0 2 1 1 -1 0 1
4 0 2 1 1 -1 0 -1
4 0 2 1 1 1 0 1
4 0 2 1 1 1 0 -1
4 0 2 1 2 0 0 1
4 0 2 1 2 0 0 -1
4 1 2 1 -2 0 0 1
4 1 2 1 -2 0 0 -1
4 1 2 1 -1 -1 0 1
4 1 2 1 -1 -1 0 -1
4 1 2 1 -1 1 0 1
4 1 2 1 -1 1 0 -1
4 1 2 1 0 -2 0 1
4 1 2 1 0 -2 0 -1
4 1 2 1 0 0 0 1
4 1 2 1 0 0 0 -1
4 1 2 1 0 2 0 1
4 1 2 1 0 2 0 -1
4 1 2 1 1 -1 0 1
4 1 2 1 1 -1 0 -1
4 1 2 1 1 1 0 1
4 1 2 1 1 1 0 -1
4 1 2 1 2 0 0 1
4 1 2 1 2 0 0 -1
4 2 2 1 -2 0 0 1
4 2 2 1 -2 0 0 -1
4 2 2 1 -1 -1 0 1
4 2 2 1 -1 -1 0 -1
4 2 2 1 -1 1 0 1
4 2 2 1 -1 1 0 -1
4 2 2 1 0 -2 0 1
4 2 2 1 0 -2 0 -1
4 2 2 1 0 0 0 1
4 2 2 1 0 0 0 -1
4 2 2 1 0 2 0 1
4 2 2 1 0 2 0 -1
4 2 2 1 1 -1 0 1
4 2 2 1 1 -1 0 -1
4 2 2 1 1 1 0 1
4 2 2 1 1 1 0 -1
4 2 2 1 2 0 0 1
4 2 2 1 2 0 0 -1
4 3 2 1 -2 0 0 1
4 3 2 1 -2 0 0 -1
4 3 2 1 -1 -1 0 1
4 3 2 1 -1 -1 0 -1
4 3 2 1 -1 1 0 1
4 3 2 1 -1 1 0 -1
4 3 2 1 0 -2 0 1
4 3 2 1 0 -2 0 -1
4 3 2 1 0 0 0 1
4 3 2 1 0 0 0 -1
4 3 2 1 0 2 0 1
4 3 2 1 0 2 0 -1
4 3 2 1 1 -1 0 1
4 3 2 1 1 -1 0 -1
4 3 2 1 1 1 0 1
4 3 2 1 1 1 0 -1
4 3 2 1 2 0 0 1
4 3 2 1 2 0 0 -1
4 -3 4 1 -2 0 0 1
4 -3 4 1 -2 0 0 -1
4 -3 4 1 -1 -1 0 1
4 -3 4 1 -1 -1 0 -1
4 -3 4 1 -1 1 0 1
4 -3 4 1 -1 1 0 -1
4 -3 4 1 0 -2 0 1
4 -3 4 1 0 -2 0 -1
4 -3 4 1 0 0 0 1
4 -3 4 1 0 0 0 -1
4 -3 4 1 0 2 0 1
4 -3 4 1 0 2 0 -1
4 -3 4 1 1 -1 0 1
4 -3 4 1 1 -1 0 -1
4 -3 4 1 1 1 0 1
4 -3 4 1 1 1 0 -1
4 -3 4 1 2 0 0 1
4 -3 4 1 2 0 0 -1
4 -2 4 1 -2 0 0 1
4 -2 4 1 -2 0 0 -1
4 -2 4 1 -1 -1 0 1
4 -2 4 1 -1 -1 0 -1
4 -2 4 1 -1 1 0 1
4 -2 4 1 -1 1 0 -1
4 -2 4 1 0 -2 0 1
4 -2 4 1 0 -2 0 -1
4 -2 4 1 0 0 0 1
4 -2 4 1 0 0 0 -1
4 -2 4 1 0 2 0 1
4 -2 4 1 0 2 0 -1
4 -2 4 1 1 -1 0 1
4 -2 4 1 1 -1 0 -1
4 -2 4 1 1 1 0 1
4 -2 4 1 1 1 0 -1
4 -2 4 1 2 0 0 1
4 -2 4 1 2 0 0 -1
4 -1 4 1 -2 0 0 1
4 -1 4 1 -2 0 0 -1
4 -1 4 1 -1 -1 0 1
4 -1 4 1 -1 -1 0 -1
4 -1 4 1 -1 1 0 1
4 -1 4 1 -1 1 0 -1
4 -1 4 1 0 -2 0 1
4 -1 4 1 0 -2 0 -1
4 -1 4 1 0 0 0 1
4 -1 4 1 0 0 0 -1
4 -1 4 1 0 2 0 1
4 -1 4 1 0 2 0 -1
4 -1 4 1 1 -1 0 1
4 -1 4 1 1 -1 0 -1
4 -1 4 1 1 1 0 1
4 -1 4 1 1 1 0 -1
4 -1 4 1 2 0 0 1
4 -1 4 1 2 0 0 -1
4 0 4 1 -2 0 0 1
4 0 4 1 -2 0 0 -1
4 0 4 1 -1 -1 0 1
4 0 4 1 -1 -1 0 -1
4 0 4 1 -1 1 0 1
4 0 4 1 -1 1 0 -1
4 0 4 1 0 -2 0 1
4 0 4 1 0 -2 0 -1
4 0 4 1 0 0 0 1
4 0 4 1 0 0 0 -1
4 0 4 1 0 2 0 1
4 0 4 1 0 2 0 -1
4 0 4 1 1 -1 0 1
4 0 4 1 1 -1 0 -1
4 0 4 1 1 1 0 1
4 0 4 1 1 1 0 -1
4 0 4 1 2 0 0 1
4 0 4 1 2 0 0 -1
4 1 4 1 -2 0 0 1
4 1 4 1 -2 0 0 -1
4 1 4 1 -1 -1 0 1
4 1 4 1 -1 -1 0 -1
4 1 4 1 -1 1 0 1
4 1 4 1 -1 1 0 -1
4 1 4 1 0 -2 0 1
4 1 4 1 0 -2 0 -1
4 1 4 1 0 0 0 1
4 1 4 1 0 0 0 -1
4 1 4 1 0 2 0 1
4 1 4 1 0 2 0 -1
4 1 4 1 1 -1 0 1
4 1 4 1 1 -1 0 -1
4 1 4 1 1 1 0 1
4 1 4 1 1 1 0 -1
4 1 4 1 2 0 0 1
4 1 4 1 2 0 0 -1
4 2 4 1 -2 0 0 1
4 2 4 1 -2 0 0 -1
4 2 4 1 -1 -1 0 1
4 2 4 1 -1 -1 0 -1
4 2 4 1 -1 1 0 1
4 2 4 1 -1 1 0 -1
4 2 4 1 0 -2 0 1
4 2 4 1 0 -2 0 -1
4 2 4 1 0 0 0 1
4 2 4 1 0 0 0 -1
4 2 4 1 0 2 0 1
4 2 4 1 0 2 0 -1
4 2 4 1 1 -1 0 1
4 2 4 1 1 -1 0 -1
4 2 4 1 1 1 0 1
4 2 4 1 1 1 0 -1
4 2 4 1 2 0 0 1
4 2 4 1 2 0 0 -1
4 3 4 1 -2 0 0 1
4 3 4 1 -2 0 0 -1
4 3 4 1 -1 -1 0 1
4 3 4 1 -1 -1 0 -1
4 3 4 1 -1 1 0 1
4 3 4 1 -1 1 0 -1
4 3 4 1 0 -2 0 1
4 3 4 1 0 -2 0 -1
4 3 4 1 0 0 0 1
4 3 4 1 0 0 0 -1
4 3 4 1 0 2 0 1
4 3 4 1 0 2 0 -1
4 3 4 1 1 -1 0 1
4 3 4 1 1 -1 0 -1
4 3 4 1 1 1 0 1
4 3 4 1 1 1 0 -1
4 3 4 1 2 0 0 1
4 3 4 1 2 0 0 -1
5 -3 2 1 -2 0 0 1
5 -3 2 1 -2 0 0 -1
5 -3 2 1 -1 -1 0 1
5 -3 2 1 -1 -1 0 -1
5 -3 2 1 -1 1 0 1
5 -3 2 1 -1 1 0 -1
5 -3 2 1 0 -2 0 1
5 -3 2 1 0 -2 0 -1
5 -3 2 1 0 0 0 1
5 -3 2 1 0 0 0 -1
5 -3 2 1 0 2 0 1
5 -3 2 1 0 2 0 -1
5 -3 2 1 1 -1 0 1
5 -3 2 1 1 -1 0 -1
5 -3 2 1 1 1 0 1
5 -3 2 1 1 1 0 -1
5 -3 2 1 2 0 0 1
5 -3 2 1 2 0 0 -1
5 -2 2 1 -2 0 0 1
5 -2 2 1 -2 0 0 -1
5 -2 2 1 -1 -1 0 1
5 -2 2 1 -1 -1 0 -1
5 -2 2 1 -1 1 0 1
5 -2 2 1 -1 1 0 -1
5 -2 2 1 0 -2 0 1
5 -2 2 1 0 -2 0 -1
5 -2 2 1 0 0 0 1
5 -2 2 1 0 0 0 -1
5 -2 2 1 0 2 0 1
5 -2 2 1 0 2 0 -1
5 -2 2 1 1 -1 0 1
5 -2 2 1 1 -1 0 -1
5 -2 2 1 1 1 0 1
5 -2 2 1 1 1 0 -1
5 -2 2 1 2 0 0 1
5 -2 2 1 2 0 0 -1
5 -1 2 1 -2 0 0 1
5 -1 2 1 -2 0 0 -1
5 -1 2 1 -1 -1 0 1
5 -1 2 1 -1 -1 0 -1
5 -1 2 1 -1 1 0 1
5 -1 2 1 -1 1 0 -1
5 -1 2 1 0 -2 0 1
5 -1 2 1 0 -2 0 -1
5 -1 2 1 0 0 0 1
5 -1 2 1 0 0 0 -1
5 -1 2 1 0 2 0 1
5 -1 2 1 0 2 0 -1
5 -1 2 1 1 -1 0 1
5 -1 2 1 1 -1 0 -1
5 -1 2 1 1 1 0 1
5 -1 2 1 1 1 0 -1
5 -1 2 1 2 0 0 1
5 -1 2 1 2 0 0 -1
5 0 2 1 -2 0 0 1
5 0 2 1 -2 0 0 -1
5 0 2 1 -1 -1 0 1
5 0 2 1 -1 -1 0 -1
5 0 2 1 -1 1 0 1
5 0 2 1 -1 1 0 -1
5 0 2 1 0 -2 0 1
5 0 2 1 0 -2 0 -1
5 0 2 1 0 0 0 1
5 0 2 1 0 0 0 -1
5 0 2 1 0 2 0 1
5 0 2 1 0 2 0 -1
5 0 2 1 1 -1 0 1
5 0 2 1 1 -1 0 -1
5 0 2 1 1 1 0 1
5 0 2 1 1 1 0 -1
5 0 2 1 2 0 0 1
5 0 2 1 2 0 0 -1
5 1 2 1 -2 0 0 1
5 1 2 1 -2 0 0 -1
5 1 2 1 -1 -1 0 1
5 1 2 1 -1 -1 0 -1
5 1 2 1 -1 1 0 1
5 1 2 1 -1 1 0 -1
5 1 2 1 0 -2 0 1
5 1 2 1 0 -2 0 -1
5 1 2 1 0 0 0 1
5 1 2 1 0 0 0 -1
5 1 2 1 0 2 0 1
5 1 2 1 0 2 0 -1
5 1 2 1 1 -1 0 1
5 1 2 1 1 -1 0 -1
5 1 2 1 1 1 0 1
5 1 2 1 1 1 0 -1
5 1 2 1 2 0 0 1
5 1 2 1 2 0 0 -1
5 2 2 1 -2 0 0 1
5 2 2 1 -2 0 0 -1
5 2 2 1 -1 -1 0 1
5 2 2 1 -1 -1 0 -1
5 2 2 1 -1 1 0 1
5 2 2 1 -1 1 0 -1
5 2 2 1 0 -2 0 1
5 2 2 1 0 -2 0 -1
5 2 2 1 0 0 0 1
5 2 2 1 0 0 0 -1
5 2 2 1 0 2 0 1
5 2 2 1 0 2 0 -1
5 2 2 1 1 -1 0 1
5 2 2 1 1 -1 0 -1
5 2 2 1 1 1 0 1
5 2 2 1 1 1 0 -1
5 2 2 1 2 0 0 1
5 2 2 1 2 0 0 -1
5 3 2 1 -2 0 0 1
5 3 2 1 -2 0 0 -1
5 3 2 1 -1 -1 0 1
5 3 2 1 -1 -1 0 -1
5 3 2 1 -1 1 0 1
5 3 2 1 -1 1 0 -1
5 3 2 1 0 -2 0 1
5 3 2 1 0 -2 0 -1
5 3 2 1 0 0 0 1
5 3 2 1 0 0 0 -1
5 3 2 1 0 2 0 1
5 3 2 1 0 2 0 -1
5 3 2 1 1 -1 0 1
5 3 2 1 1 -1 0 -1
5 3 2 1 1 1 0 1
5 3 2 1 1 1 0 -1
5 3 2 1 2 0 0 1
5 3 2 1 2 0 0 -1
5 -3 4 1 -2 0 0 1
5 -3 4 1 -2 0 0 -1
5 -3 4 1 -1 -1 0 1
5 -3 4 1 -1 -1 0 -1
5 -3 4 1 -1 1 0 1
5 -3 4 1 -1 1 0 -1
5 -3 4 1 0 -2 0 1
5 -3 4 1 0 -2 0 -1
5 -3 4 1 0 0 0 1
5 -3 4 1 0 0 0 -1
5 -3 4 1 0 2 0 1
5 -3 4 1 0 2 0 -1
5 -3 4 1 1 -1 0 1
5 -3 4 1 1 -1 0 -1
5 -3 4 1 1 1 0 1
5 -3 4 1 1 1 0 -1
5 -3 4 1 2 0 0 1
5 -3 4 1 2 0 0 -1
5 -2 4 1 -2 0 0 1
5 -2 4 1 -2 0 0 -1
5 -2 4 1 -1 -1 0 1
5 -2 4 1 -1 -1 0 -1
5 -2 4 1 -1 1 0 1
5 -2 4 1 -1 1 0 -1
5 -2 4 1 0 -2 0 1
5 -2 4 1 0 -2 0 -1
5 -2 4 1 0 0 0 1
5 -2 4 1 0 0 0 -1
5 -2 4 1 0 2 0 1
5 -2 4 1 0 2 0 -1
5 -2 4 1 1 -1 0 1
5 -2 4 1 1 -1 0 -1
5 -2 4 1 1 1 0 1
5 -2 4 1 1 1 0 -1
5 -2 4 1 2 0 0 1
5 -2 4 1 2 0 0 -1
5 -1 4 1 -2 0 0 1
5 -1 4 1 -2 0 0 -1
5 -1 4 1 -1 -1 0 1
5 -1 4 1 -1 -1 0 -1
5 -1 4 1 -1 1 0 1
5 -1 4 1 -1 1 0 -1
5 -1 4 1 0 -2 0 1
5 -1 4 1 0 -2 0 -1
5 -1 4 1 0 0 0 1
5 -1 4 1 0 0 0 -1
5 -1 4 1 0 2 0 1
5 -1 4 1 0 2 0 -1
5 -1 4 1 1 -1 0 1
5 -1 4 1 1 -1 0 -1
5 -1 4 1 1 1 0 1
5 -1 4 1 1 1 0 -1
5 -1 4 1 2 0 0 1
5 -1 4 1 2 0 0 -1
5 0 4 1 -2 0 0 1
5 0 4 1 -2 0 0 -1
5 0 4 1 -1 -1 0 1
5 0 4 1 -1 -1 0 -1
5 0 4 1 -1 1 0 1
5 0 4 1 -1 1 0 -1
5 0 4 1 0 -2 0 1
5 0 4 1 0 -2 0 -1
5 0 4 1 0 0 0 1
5 0 4 1 0 0 0 -1
5 0 4 1 0 2 0 1
5 0 4 1 0 2 0 -1
5 0 4 1 1 -1 0 1
5 0 4 1 1 -1 0 -1
5 0 4 1 1 1 0 1
5 0 4 1 1 1 0 -1
5 0 4 1 2 0 0 1
5 0 4 1 2 0 0 -1
5 1 4 1 -2 0 0 1
5 1 4 1 -2 0 0 -1
5 1 4 1 -1 -1 0 1
5 1 4 1 -1 -1 0 -1
5 1 4 1 -1 1 0 1
5 1 4 1 -1 1 0 -1
5 1 4 1 0 -2 0 1
5 1 4 1 0 -2 0 -1
5 1 4 1 0 0 0 1
5 1 4 1 0 0 0 -1
5 1 4 1 0 2 0 1
5 1 4 1 0 2 0 -1
5 1 4 1 1 -1 0 1
5 1 4 1 1 -1 0 -1
5 1 4 1 1 1 0 1
5 1 4 1 1 1 0 -1
5 1 4 1 2 0 0 1
5 1 4 1 2 0 0 -1
5 2 4 1 -2 0 0 1
5 2 4 1 -2 0 0 -1
5 2 4 1 -1 -1 0 1
5 2 4 1 -1 -1 0 -1
5 2 4 1 -1 1 0 1
5 2 4 1 -1 1 0 -1
5 2 4 1 0 -2 0 1
5 2 4 1 0 -2 0 -1
5 2 4 1 0 0 0 1
5 2 4 1 0 0 0 -1
5 2 4 1 0 2 0 1
5 2 4 1 0 2 0 -1
5 2 4 1 1 -1 0 1
5 2 4 1 1 -1 0 -1
5 2 4 1 1 1 0 1
5 2 4 1 1 1 0 -1
5 2 4 1 2 0 0 1
5 2 4 1 2 0 0 -1
5 3 4 1 -2 0 0 1
5 3 4 1 -2 0 0 -1
5 3 4 1 -1 -1 0 1
5 3 4 1 -1 -1 0 -1
5 3 4 1 -1 1 0 1
5 3 4 1 -1 1 0 -1
5 3 4 1 0 -2 0 1
5 3 4 1 0 -2 0 -1
5 3 4 1 0 0 0 1
5 3 4 1 0 0 0 -1
5 3 4 1 0 2 0 1
5 3 4 1 0 2 0 -1
5 3 4 1 1 -1 0 1
5 3 4 1 1 -1 0 -1
5 3 4 1 1 1 0 1
5 3 4 1 1 1 0 -1
5 3 4 1 2 0 0 1
5 3 4 1 2 0 0 -1
6 -3 0 1 -2 0 0 1
6 -3 0 1 -2 0 0 -1
6 -3 0 1 -1 -1 0 1
6 -3 0 1 -1 -1 0 -1
6 -3 0 1 -1 1 0 1
6 -3 0 1 -1 1 0 -1
6 -3 0 1 0 -2 0 1
6 -3 0 1 0 -2 0 -1
6 -3 0 1 0 0 0 1
6 -3 0 1 0 0 0 -1
6 -3 0 1 0 2 0 1
6 -3 0 1 0 2 0 -1
6 -3 0 1 1 -1 0 1
6 -3 0 1 1 -1 0 -1
6 -3 0 1 1 1 0 1
6 -3 0 1 1 1 0 -1
6 -3 0 1 2 0 0 1
6 -3 0 1 2 0 0 -1
6 -2 0 1 -2 0 0 1
6 -2 0 1 -2 0 0 -1
6 -2 0 1 -1 -1 0 1
6 -2 0 1 -1 -1 0 -1
6 -2 0 1 -1 1 0 1
6 -2 0 1 -1 1 0 -1
6 -2 0 1 0 -2 0 1
6 -2 0 1 0 -2 0 -1
6 -2 0 1 0 0 0 1
6 -2 0 1 0 0 0 -1
6 -2 0 1 0 2 0 1
6 -2 0 1 0 2 0 -1
6 -2 0 1 1 -1 0 1
6 -2 0 1 1 -1 0 -1
6 -2 0 1 1 1 0 1
6 -2 0 1 1 1 0 -1
6 -2 0 1 2 0 0 1
6 -2 0 1 2 0 0 -1
6 -1 0 1 -2 0 0 1
6 -1 0 1 -2 0 0 -1
6 -1 0 1 -1 -1 0 1
6 -1 0 1 -1 -1 0 -1
6 -1 0 1 -1 1 0 1
6 -1 0 1 -1 1 0 -1
6 -1 0 1 0 -2 0 1
6 -1 0 1 0 -2 0 -1
6 -1 0 1 0 0 0 1
6 -1 0 1 0 0 0 -1
6 -1 0 1 0 2 0 1
6 -1 0 1 0 2 0 -1
6 -1 0 1 1 -1 0 1
6 -1 0 1 1 -1 0 -1
6 -1 0 1 1 1 0 1
6 -1 0 1 1 1 0 -1
6 -1 0 1 2 0 0 1
6 -1 0 1 2 0 0 -1
6 0 0 1 -2 0 0 1
6 0 0 1 -2 0 0 -1
6 0 0 1 -1 -1 0 1
6 0 0 1 -1 -1 0 -1
6 0 0 1 -1 1 0 1
6 0 0 1 -1 1 0 -1
6 0 0 1 0 -2 0 1
6 0 0 1 0 -2 0 -1
6 0 0 1 0 0 0 1
6 0 0 1 0 0 0 -1
6 0 0 1 0 2 0 1
6 0 0 1 0 2 0 -1
6 0 0 1 1 -1 0 1
6 0 0 1 1 -1 0 -1
6 0 0 1 1 1 0 1
6 0 0 1 1 1 0 -1
6 0 0 1 2 0 0 1
6 0 0 1 2 0 0 -1
6 1 0 1 -2 0 0 1
6 1 0 1 -2 0 0 -1
6 1 0 1 -1 -1 0 1
6 1 0 1 -1 -1 0 -1
6 1 0 1 -1 1 0 1
6 1 0 1 -1 1 0 -1
6 1 0 1 0 -2 0 1
6 1 0 1 0 -2 0 -1
6 1 0 1 0 0 0 1
6 1 0 1 0 0 0 -1
6 1 0 1 0 2 0 1
6 1 0 1 0 2 0 -1
6 1 0 1 1 -1 0 1
6 1 0 1 1 -1 0 -1
6 1 0 1 1 1 0 1
6 1 0 1 1 1 0 -1
6 1 0 1 2 0 0 1
6 1 0 1 2 0 0 -1
6 2 0 1 -2 0 0 1
6 2 0 1 -2 0 0 -1
6 2 0 1 -1 -1 0 1
6 2 0 1 -1 -1 0 -1
6 2 0 1 -1 1 0 1
6 2 0 1 -1 1 0 -1
6 2 0 1 0 -2 0 1
6 2 0 1 0 -2 0 -1
6 2 0 1 0 0 0 1
6 2 0 1 0 0 0 -1
6 2 0 1 0 2 0 1
6 2 0 1 0 2 0 -1
6 2 0 1 1 -1 0 1
6 2 0 1 1 -1 0 -1
6 2 0 1 1 1 0 1
6 2 0 1 1 1 0 -1
6 2 0 1 2 0 0 1
6 2 0 1 2 0 0 -1
6 3 0 1 -2 0 0 1
6 3 0 1 -2 0 0 -1
6 3 0 1 -1 -1 0 1
6 3 0 1 -1 -1 0 -1
6 3 0 1 -1 1 0 1
6 3 0 1 -1 1 0 -1
6 3 0 1 0 -2 0 1
6 3 0 1 0 -2 0 -1
6 3 0 1 0 0 0 1
6 3 0 1 0 0 0 -1
6 3 0 1 0 2 0 1
6 3 0 1 0 2 0 -1
6 3 0 1 1 -1 0 1
6 3 0 1 1 -1 0 -1
6 3 0 1 1 1 0 1
6 3 0 1 1 1 0 -1
6 3 0 1 2 0 0 1
6 3 0 1 2 0 0 -1
6 -3 2 1 -2 0 0 1
6 -3 2 1 -2 0 0 -1
6 -3 2 1 -1 -1 0 1
6 -3 2 1 -1 -1 0 -1
6 -3 2 1 -1 1 0 1
6 -3 2 1 -1 1 0 -1
6 -3 2 1 0 -2 0 1
6 -3 2 1 0 -2 0 -1
6 -3 2 1 0 0 0 1
6 -3 2 1 0 0 0 -1
6 -3 2 1 0 2 0 1
6 -3 2 1 0 2 0 -1
6 -3 2 1 1 -1 0 1
6 -3 2 1 1 -1 0 -1
6 -3 2 1 1 1 0 1
6 -3 2 1 1 1 0 -1
6 -3 2 1 2 0 0 1
6 -3 2 1 2 0 0 -1
6 -2 2 1 -2 0 0 1
6 -2 2 1 -2 0 0 -1
6 -2 2 1 -1 -1 0 1
6 -2 2 1 -1 -1 0 -1
6 -2 2 1 -1 1 0 1
6 -2 2 1 -1 1 0 -1
6 -2 2 1 0 -2 0 1
6 -2 2 1 0 -2 0 -1
6 -2 2 1 0 0 0 1
6 -2 2 1 0 0 0 -1
6 -2 2 1 0 2 0 1
6 -2 2 1 0 2 0 -1
6 -2 2 1 1 -1 0 1
6 -2 2 1 1 -1 0 -1
6 -2 2 1 1 1 0 1
6 -2 2 1 1 1 0 -1
6 -2 2 1 2 0 0 1
6 -2 2 1 2 0 0 -1
6 -1 2 1 -2 0 0 1
6 -1 2 1 -2 0 0 -1
6 -1 2 1 -1 -1 0 1
6 -1 2 1 -1 -1 0 -1
6 -1 2 1 -1 1 0 1
6 -1 2 1 -1 1 0 -1
6 -1 2 1 0 -2 0 1
6 -1 2 1 0 -2 0 -1
6 -1 2 1 0 0 0 1
6 -1 2 1 0 0 0 -1
6 -1 2 1 0 2 0 1
6 -1 2 1 0 2 0 -1
6 -1 2 1 1 -1 0 1
6 -1 2 1 1 -1 0 -1
6 -1 2 1 1 1 0 1
6 -1 2 1 1 1 0 -1
6 -1 2 1 2 0 0 1
6 -1 2 1 2 0 0 -1
6 0 2 1 -2 0 0 1
6 0 2 1 -2 0 0 -1
6 0 2 1 -1 -1 0 1
6 0 2 1 -1 -1 0 -1
6 0 2 1 -1 1 0 1
6 0 2 1 -1 1 0 -1
6 0 2 1 0 -2 0 1
6 0 2 1 0 -2 0 -1
6 0 2 1 0 0 0 1
6 0 2 1 0 0 0 -1
6 0 2 1 0 2 0 1
6 0 2 1 0 2 0 -1
6 0 2 1 1 -1 0 1
6 0 2 1 1 -1 0 -1
6 0 2 1 1 1 0 1
6 0 2 1 1 1 0 -1
6 0 2 1 2 0 0 1
6 0 2 1 2 0 0 -1
6 1 2 1 -2 0 0 1
6 1 2 1 -2 0 0 -1
6 1 2 1 -1 -1 0 1
6 1 2 1 -1 -1 0 -1
6 1 2 1 -1 1 0 1
6 1 2 1 -1 1 0 -1
6 1 2 1 0 -2 0 1
6 1 2 1 0 -2 0 -1
6 1 2 1 0 0 0 1
6 1 2 1 0 0 0 -1
6 1 2 1 0 2 0 1
6 1 2 1 0 2 0 -1
6 1 2 1 1 -1 0 1
6 1 2 1 1 -1 0 -1
6 1 2 1 1 1 0 1
6 1 2 1 1 1 0 -1
6 1 2 1 2 0 0 1
6 1 2 1 2 0 0 -1
6 2 2 1 -2 0 0 1
6 2 2 1 -2 0 0 -1
6 2 2 1 -1 -1 0 1
6 2 2 1 -1 -1 0 -1
6 2 2 1 -1 1 0 1
6 2 2 1 -1 1 0 -1
6 2 2 1 0 -2 0 1
6 2 2 1 0 -2 0 -1
6 2 2 1 0 0 0 1
6 2 2 1 0 0 0 -1
6 2 2 1 0 2 0 1
6 2 2 1 0 2 0 -1
6 2 2 1 1 -1 0 1
6 2 2 1 1 -1 0 -1
6 2 2 1 1 1 0 1
6 2 2 1 1 1 0 -1
6 2 2 1 2 0 0 1
6 2 2 1 2 0 0 -1
6 3 2 1 -2 0 0 1
6 3 2 1 -2 0 0 -1
6 3 2 1 -1 -1 0 1
6 3 2 1 -1 -1 0 -1
6 3 2 1 -1 1 0 1
6 3 2 1 -1 1 0 -1
6 3 2 1 0 -2 0 1
6 3 2 1 0 -2 0 -1
6 3 2 1 0 0 0 1
6 3 2 1 0 0 0 -1
6 3 2 1 0 2 0 1
6 3 2 1 0 2 0 -1
6 3 2 1 1 -1 0 1
6 3 2 1 1 -1 0 -1
6 3 2 1 1 1 0 1
6 3 2 1 1 1 0 -1
6 3 2 1 2 0 0 1
6 3 2 1 2 0 0 -1
6 -3 4 1 -2 0 0 1
6 -3 4 1 -2 0 0 -1
6 -3 4 1 -1 -1 0 1
6 -3 4 1 -1 -1 0 -1
6 -3 4 1 -1 1 0 1
6 -3 4 1 -1 1 0 -1
6 -3 4 1 0 -2 0 1
6 -3 4 1 0 -2 0 -1
6 -3 4 1 0 0 0 1
6 -3 4 1 0 0 0 -1
6 -3 4 1 0 2 0 1
6 -3 4 1 0 2 0 -1
6 -3 4 1 1 -1 0 1
6 -3 4 1 1 -1 0 -1
6 -3 4 1 1 1 0 1
6 -3 4 1 1 1 0 -1
6 -3 4 1 2 0 0 1
6 -3 4 1 2 0 0 -1
6 -2 4 1 -2 0 0 1
6 -2 4 1 -2 0 0 -1
6 -2 4 1 -1 -1 0 1
6 -2 4 1 -1 -1 0 -1
6 -2 4 1 -1 1 0 1
6 -2 4 1 -1 1 0 -1
6 -2 4 1 0 -2 0 1
6 -2 4 1 0 -2 0 -1
6 -2 4 1 0 0 0 1
6 -2 4 1 0 0 0 -1
6 -2 4 1 0 2 0 1
6 -2 4 1 0 2 0 -1
6 -2 4 1 1 -1 0 1
6 -2 4 1 1 -1 0 -1
6 -2 4 1 1 1 0 1
6 -2 4 1 1 1 0 -1
6 -2 4 1 2 0 0 1
6 -2 4 1 2 0 0 -1
6 -1 4 1 -2 0 0 1
6 -1 4 1 -2 0 0 -1
6 -1 4 1 -1 -1 0 1
6 -1 4 1 -1 -1 0 -1
6 -1 4 1 -1 1 0 1
6 -1 4 1 -1 1 0 -1
6 -1 4 1 0 -2 0 1
6 -1 4 1 0 -2 0 -1
6 -1 4 1 0 0 0 1
6 -1 4 1 0 0 0 -1
6 -1 4 1 0 2 0 1
6 -1 4 1 0 2 0 -1
6 -1 4 1 1 -1 0 1
6 -1 4 1 1 -1 0 -1
6 -1 4 1 1 1 0 1
6 -1 4 1 1 1 0 -1
6 -1 4 1 2 0 0 1
6 -1 4 1 2 0 0 -1
6 0 4 1 -2 0 0 1
6 0 4 1 -2 0 0 -1
6 0 4 1 -1 -1 0 1
6 0 4 1 -1 -1 0 -1
6 0 4 1 -1 1 0 1
6 0 4 1 -1 1 0 -1
6 0 4 1 0 -2 0 1
6 0 4 1 0 -2 0 -1
6 0 4 1 0 0 0 1
6 0 4 1 0 0 0 -1
6 0 4 1 0 2 0 1
6 0 4 1 0 2 0 -1
6 0 4 1 1 -1 0 1
6 0 4 1 1 -1 0 -1
6 0 4 1 1 1 0 1
6 0 4 1 1 1 0 -1
6 0 4 1 2 0 0 1
6 0 4 1 2 0 0 -1
6 1 4 1 -2 0 0 1
6 1 4 1 -2 0 0 -1
6 1 4 1 -1 -1 0 1
6 1 4 1 -1 -1 0 -1
6 1 4 1 -1 1 0 1
6 1 4 1 -1 1 0 -1
6 1 4 1 0 -2 0 1
6 1 4 1 0 -2 0 -1
6 1 4 1 0 0 0 1
6 1 4 1 0 0 0 -1
6 1 4 1 0 2 0 1
6 1 4 1 0 2 0 -1
6 1 4 1 1 -1 0 1
6 1 4 1 1 -1 0 -1
6 1 4 1 1 1 0 1
6 1 4 1 1 1 0 -1
6 1 4 1 2 0 0 1
6 1 4 1 2 0 0 -1
6 2 4 1 -2 0 0 1
6 2 4 1 -2 0 0 -1
6 2 4 1 -1 -1 0 1
6 2 4 1 -1 -1 0 -1
6 2 4 1 -1 1 0 1
6 2 4 1 -1 1 0 -1
6 2 4 1 0 -2 0 1
6 2 4 1 0 -2 0 -1
6 2 4 1 0 0 0 1
6 2 4 1 0 0 0 -1
6 2 4 1 0 2 0 1
6 2 4 1 0 2 0 -1
6 2 4 1 1 -1 0 1
6 2 4 1 1 -1 0 -1
6 2 4 1 1 1 0 1
6 2 4 1 1 1 0 -1
6 2 4 1 2 0 0 1
6 2 4 1 2 0 0 -1
6 3 4 1 -2 0 0 1
6 3 4 1 -2 0 0 -1
6 3 4 1 -1 -1 0 1
6 3 4 1 -1 -1 0 -1
6 3 4 1 -1 1 0 1
6 3 4 1 -1 1 0 -1
6 3 4 1 0 -2 0 1
6 3 4 1 0 -2 0 -1
6 3 4 1 0 0 0 1
6 3 4 1 0 0 0 -1
6 3 4 1 0 2 0 1
6 3 4 1 0 2 0 -1
6 3 4 1 1 -1 0 1
6 3 4 1 1 -1 0 -1
6 3 4 1 1 1 0 1
6 3 4 1 1 1 0 -1
6 3 4 1 2 0 0 1
6 3 4 1 2 0 0 -1
7 -3 2 1 -2 0 0 1
7 -3 2 1 -2 0 0 -1
7 -3 2 1 -1 -1 0 1
7 -3 2 1 -1 -1 0 -1
7 -3 2 1 -1 1 0 1
7 -3 2 1 -1 1 0 -1
7 -3 2 1 0 -2 0 1
7 -3 2 1 0 -2 0 -1
7 -3 2 1 0 0 0 1
7 -3 2 1 0 0 0 -1
7 -3 2 1 0 2 0 1
7 -3 2 1 0 2 0 -1
7 -3 2 1 1 -1 0 1
7 -3 2 1 1 -1 0 -1
7 -3 2 1 1 1 0 1
7 -3 2 1 1 1 0 -1
7 -3 2 1 2 0 0 1
7 -3 2 1 2 0 0 -1
7 -2 2 1 -2 0 0 1
7 -2 2 1 -2 0 0 -1
7 -2 2 1 -1 -1 0 1
7 -2 2 1 -1 -1 0 -1
7 -2 2 1 -1 1 0 1
7 -2 2 1 -1 1 0 -1
7 -2 2 1 0 -2 0 1
7 -2 2 1 0 -2 0 -1
7 -2 2 1 0 0 0 1
7 -2 2 1 0 0 0 -1
7 -2 2 1 0 2 0 1
7 -2 2 1 0 2 0 -1
7 -2 2 1 1 -1 0 1
7 -2 2 1 1 -1 0 -1
7 -2 2 1 1 1 0 1
7 -2 2 1 1 1 0 -1
7 -2 2 1 2 0 0 1
7 -2 2 1 2 0 0 -1
7 -1 2 1 -2 0 0 1
7 -1 2 1 -2 0 0 -1
7 -1 2 1 -1 -1 0 1
7 -1 2 1 -1 -1 0 -1
7 -1 2 1 -1 1 0 1
7 -1 2 1 -1 1 0 -1
7 -1 2 1 0 -2 0 1
7 -1 2 1 0 -2 0 -1
7 -1 2 1 0 0 0 1
7 -1 2 1 0 0 0 -1
7 -1 2 1 0 2 0 1
7 -1 2 1 0 2 0 -1
7 -1 2 1 1 -1 0 1
7 -1 2 1 1 -1 0 -1
7 -1 2 1 1 1 0 1
7 -1 2 1 1 1 0 -1
7 -1 2 1 2 0 0 1
7 -1 2 1 2 0 0 -1
7 0 2 1 -2 0 0 1
7 0 2 1 -2 0 0 -1
7 0 2 1 -1 -1 0 1
7 0 2 1 -1 -1 0 -1
7 0 2 1 -1 1 0 1
7 0 2 1 -1 1 0 -1
7 0 2 1 0 -2 0 1
7 0 2 1 0 -2 0 -1
7 0 2 1 0 0 0 1
7 0 2 1 0 0 0 -1
7 0 2 1 0 2 0 1
7 0 2 1 0 2 0 -1
7 0 2 1 1 -1 0 1
7 0 2 1 1 -1 0 -1
7 0 2 1 1 1 0 1
7 0 2 1 1 1 0 -1
7 0 2 1 2 0 0 1
7 0 2 1 2 0 0 -1
7 1 2 1 -2 0 0 1
7 1 2 1 -2 0 0 -1
7 1 2 1 -1 -1 0 1
7 1 2 1 -1 -1 0 -1
7 1 2 1 -1 1 0 1
7 1 2 1 -1 1 0 -1
7 1 2 1 0 -2 0 1
7 1 2 1 0 -2 0 -1
7 1 2 1 0 0 0 1
7 1 2 1 0 0 0 -1
7 1 2 1 0 2 0 1
7 1 2 1 0 2 0 -1
7 1 2 1 1 -1 0 1
7 1 2 1 1 -1 0 -1
7 1 2 1 1 1 0 1
7 1 2 1 1 1 0 -1
7 1 2 1 2 0 0 1
7 1 2 1 2 0 0 -1
7 2 2 1 -2 0 0 1
7 2 2 1 -2 0 0 -1
7 2 2 1 -1 -1 0 1
7 2 2 1 -1 -1 0 -1
7 2 2 1 -1 1 0 1
7 2 2 1 -1 1 0 -1
7 2 2 1 0 -2 0 1
7 2 2 1 0 -2 0 -1
7 2 2 1 0 0 0 1
7 2 2 1 0 0 0 -1
7 2 2 1 0 2 0 1
7 2 2 1 0 2 0 -1
7 2 2 1 1 -1 0 1
7 2 2 1 1 -1 0 -1
7 2 2 1 1 1 0 1
7 2 2 1 1 1 0 -1
7 2 2 1 2 0 0 1
7 2 2 1 2 0 0 -1
7 3 2 1 -2 0 0 1
7 3 2 1 -2 0 0 -1
7 3 2 1 -1 -1 0 1
7 3 2 1 -1 -1 0 -1
7 3 2 1 -1 1 0 1
7 3 2 1 -1 1 0 -1
7 3 2 1 0 -2 0 1
7 3 2 1 0 -2 0 -1
7 3 2 1 0 0 0 1
7 3 2 1 0 0 0 -1
7 3 2 1 0 2 0 1
7 3 2 1 0 2 0 -1
7 3 2 1 1 -1 0 1
7 3 2 1 1 -1 0 -1
7 3 2 1 1 1 0 1
7 3 2 1 1 1 0 -1
7 3 2 1 2 0 0 1
7 3 2 1 2 0 0 -1
7 -3 4 1 -2 0 0 1
7 -3 4 1 -2 0 0 -1
7 -3 4 1 -1 -1 0 1
7 -3 4 1 -1 -1 0 -1
7 -3 4 1 -1 1 0 1
7 -3 4 1 -1 1 0 -1
7 -3 4 1 0 -2 0 1
7 -3 4 1 0 -2 0 -1
7 -3 4 1 0 0 0 1
7 -3 4 1 0 0 0 -1
7 -3 4 1 0 2 0 1
7 -3 4 1 0 2 0 -1
7 -3 4 1 1 -1 0 1
7 -3 4 1 1 -1 0 -1
7 -3 4 1 1 1 0 1
7 -3 4 1 1 1 0 -1
7 -3 4 1 2 0 0 1
7 -3 4 1 2 0 0 -1
7 -2 4 1 -2 0 0 1
7 -2 4 1 -2 0 0 -1
7 -2 4 1 -1 -1 0 1
7 -2 4 1 -1 -1 0 -1
7 -2 4 1 -1 1 0 1
7 -2 4 1 -1 1 0 -1
7 -2 4 1 0 -2 0 1
7 -2 4 1 0 -2 0 -1
7 -2 4 1 0 0 0 1
7 -2 4 1 0 0 0 -1
7 -2 4 1 0 2 0 1
7 -2 4 1 0 2 0 -1
7 -2 4 1 1 -1 0 1
7 -2 4 1 1 -1 0 -1
7 -2 4 1 1 1 0 1
7 -2 4 1 1 1 0 -1
7 -2 4 1 2 0 0 1
7 -2 4 1 2 0 0 -1
7 -1 4 1 -2 0 0 1
7 -1 4 1 -2 0 0 -1
7 -1 4 1 -1 -1 0 1
7 -1 4 1 -1 -1 0 -1
7 -1 4 1 -1 1 0 1
7 -1 4 1 -1 1 0 -1
7 -1 4 1 0 -2 0 1
7 -1 4 1 0 -2 0 -1
7 -1 4 1 0 0 0 1
7 -1 4 1 0 0 0 -1
7 -1 4 1 0 2 0 1
7 -1 4 1 0 2 0 -1
7 -1 4 1 1 -1 0 1
7 -1 4 1 1 -1 0 -1
7 -1 4 1 1 1 0 1
7 -1 4 1 1 1 0 -1
7 -1 4 1 2 0 0 1
7 -1 4 1 2 0 0 -1
7 0 4 1 -2 0 0 1
7 0 4 1 -2 0 0 -1
7 0 4 1 -1 -1 0 1
7 0 4 1 -1 -1 0 -1
7 0 4 1 -1 1 0 1
7 0 4 1 -1 1 0 -1
7 0 4 1 0 -2 0 1
7 0 4 1 0 -2 0 -1
7 0 4 1 0 0 0 1
7 0 4 1 0 0 0 -1
7 0 4 1 0 2 0 1
7 0 4 1 0 2 0 -1
7 0 4 1 1 -1 0 1
7 0 4 1 1 -1 0 -1
7 0 4 1 1 1 0 1
7 0 4 1 1 1 0 -1
7 0 4 1 2 0 0 1
7 0 4 1 2 0 0 -1
7 1 4 1 -2 0 0 1
7 1 4 1 -2 0 0 -1
7 1 4 1 -1 -1 0 1
7 1 4 1 -1 -1 0 -1
7 1 4 1 -1 1 0 1
7 1 4 1 -1 1 0 -1
7 1 4 1 0 -2 0 1
7 1 4 1 0 -2 0 -1
7 1 4 1 0 0 0 1
7 1 4 1 0 0 0 -1
7 1 4 1 0 2 0 1
7 1 4 1 0 2 0 -1
7 1 4 1 1 -1 0 1
7 1 4 1 1 -1 0 -1
7 1 4 1 1 1 0 1
7 1 4 1 1 1 0 -1
7 1 4 1 2 0 0 1
7 1 4 1 2 0 0 -1
7 2 4 1 -2 0 0 1
7 2 4 1 -2 0 0 -1
7 2 4 1 -1 -1 0 1
7 2 4 1 -1 -1 0 -1
7 2 4 1 -1 1 0 1
7 2 4 1 -1 1 0 -1
7 2 4 1 0 -2 0 1
7 2 4 1 0 -2 0 -1
7 2 4 1 0 0 0 1
7 2 4 1 0 0 0 -1
7 2 4 1 0 2 0 1
7 2 4 1 0 2 0 -1
7 2 4 1 1 -1 0 1
7 2 4 1 1 -1 0 -1
7 2 4 1 1 1 0 1
7 2 4 1 1 1 0 -1
7 2 4 1 2 0 0 1
7 2 4 1 2 0 0 -1
7 3 4 1 -2 0 0 1
7 3 4 1 -2 0 0 -1
7 3 4 1 -1 -1 0 1
7 3 4 1 -1 -1 0 -1
7 3 4 1 -1 1 0 1
7 3 4 1 -1 1 0 -1
7 3 4 1 0 -2 0 1
7 3 4 1 0 -2 0 -1
7 3 4 1 0 0 0 1
7 3 4 1 0 0 0 -1
7 3 4 1 0 2 0 1
7 3 4 1 0 2 0 -1
7 3 4 1 1 -1 0 1
7 3 4 1 1 -1 0 -1
7 3 4 1 1 1 0 1
7 3 4 1 1 1 0 -1
7 3 4 1 2 0 0 1
7 3 4 1 2 0 0 -1
8 -3 0 1 -2 0 0 1
8 -3 0 1 -2 0 0 -1
8 -3 0 1 -1 -1 0 1
8 -3 0 1 -1 -1 0 -1
8 -3 0 1 -1 1 0 1
8 -3 0 1 -1 1 0 -1
8 -3 0 1 0 -2 0 1
8 -3 0 1 0 -2 0 -1
8 -3 0 1 0 0 0 1
8 -3 0 1 0 0 0 -1
8 -3 0 1 0 2 0 1
8 -3 0 1 0 2 0 -1
8 -3 0 1 1 -1 0 1
8 -3 0 1 1 -1 0 -1
8 -3 0 1 1 1 0 1
8 -3 0 1 1 1 0 -1
8 -3 0 1 2 0 0 1
8 -3 0 1 2 0 0 -1
8 -2 0 1 -2 0 0 1
8 -2 0 1 -2 0 0 -1
8 -2 0 1 -1 -1 0 1
8 -2 0 1 -1 -1 0 -1
8 -2 0 1 -1 1 0 1
8 -2 0 1 -1 1 0 -1
8 -2 0 1 0 -2 0 1
8 -2 0 1 0 -2 0 -1
8 -2 0 1 0 0 0 1
8 -2 0 1 0 0 0 -1
8 -2 0 1 0 2 0 1
8 -2 0 1 0 2 0 -1
8 -2 0 1 1 -1 0 1
8 -2 0 1 1 -1 0 -1
8 -2 0 1 1 1 0 1
8 -2 0 1 1 1 0 -1
8 -2 0 1 2 0 0 1
8 -2 0 1 2 0 0 -1
8 -1 0 1 -2 0 0 1
8 -1 0 1 -2 0 0 -1
8 -1 0 1 -1 -1 0 1
8 -1 0 1 -1 -1 0 -1
8 -1 0 1 -1 1 0 1
8 -1 0 1 -1 1 0 -1
8 -1 0 1 0 -2 0 1
8 -1 0 1 0 -2 0 -1
8 -1 0 1 0 0 0 1
8 -1 0 1 0 0 0 -1
8 -1 0 1 0 2 0 1
8 -1 0 1 0 2 0 -1
8 -1 0 1 1 -1 0 1
8 -1 0 1 1 -1 0 -1
8 -1 0 1 1 1 0 1
8 -1 0 1 1 1 0 -1
8 -1 0 1 2 0 0 1
8 -1 0 1 2 0 0 -1
8 0 0 1 -2 0 0 1
8 0 0 1 -2 0 0 -1
8 0 0 1 -1 -1 0 1
8 0 0 1 -1 -1 0 -1
8 0 0 1 -1 1 0 1
8 0 0 1 -1 1 0 -1
8 0 0 1 0 -2 0 1
8 0 0 1 0 -2 0 -1
8 0 0 1 0 0 0 1
8 0 0 1 0 0 0 -1
8 0 0 1 0 2 0 1
8 0 0 1 0 2 0 -1
8 0 0 1 1 -1 0 1
8 0 0 1 1 -1 0 -1
8 0 0 1 1 1 0 1
8 0 0 1 1 1 0 -1
8 0 0 1 2 0 0 1
8 0 0 1 2 0 0 -1
8 1 0 1 -2 0 0 1
8 1 0 1 -2 0 0 -1
8 1 0 1 -1 -1 0 1
8 1 0 1 -1 -1 0 -1
8 1 0 1 -1 1 0 1
8 1 0 1 -1 1 0 -1
8 1 0 1 0 -2 0 1
8 1 0 1 0 -2 0 -1
8 1 0 1 0 0 0 1
8 1 0 1 0 0 0 -1
8 1 0 1 0 2 0 1
8 1 0 1 0 2 0 -1
8 1 0 1 1 -1 0 1
8 1 0 1 1 -1 0 -1
8 1 0 1 1 1 0 1
8 1 0 1 1 1 0 -1
8 1 0 1 2 0 0 1
8 1 0 1 2 0 0 -1
8 2 0 1 -2 0 0 1
8 2 0 1 -2 0 0 -1
8 2 0 1 -1 -1 0 1
8 2 0 1 -1 -1 0 -1
8 2 0 1 -1 1 0 1
8 2 0 1 -1 1 0 -1
8 2 0 1 0 -2 0 1
8 2 0 1 0 -2 0 -1
8 2 0 1 0 0 0 1
8 2 0 1 0 0 0 -1
8 2 0 1 0 2 0 1
8 2 0 1 0 2 0 -1
8 2 0 1 1 -1 0 1
8 2 0 1 1 -1 0 -1
8 2 0 1 1 1 0 1
8 2 0 1 1 1 0 -1
8 2 0 1 2 0 0 1
8 2 0 1 2 0 0 -1
8 3 0 1 -2 0 0 1
8 3 0 1 -2 0 0 -1
8 3 0 1 -1 -1 0 1
8 3 0 1 -1 -1 0 -1
8 3 0 1 -1 1 0 1
8 3 0 1 -1 1 0 -1
8 3 0 1 0 -2 0 1
8 3 0 1 0 -2 0 -1
8 3 0 1 0 0 0 1
8 3 0 1 0 0 0 -1
8 3 0 1 0 2 0 1
8 3 0 1 0 2 0 -1
8 3 0 1 1 -1 0 1
8 3 0 1 1 -1 0 -1
8 3 0 1 1 1 0 1
8 3 0 1 1 1 0 -1
8 3 0 1 2 0 0 1
8 3 0 1 2 0 0 -1
8 -3 2 1 -2 0 0 1
8 -3 2 1 -2 0 0 -1
8 -3 2 1 -1 -1 0 1
8 -3 2 1 -1 -1 0 -1
8 -3 2 1 -1 1 0 1
8 -3 2 1 -1 1 0 -1
8 -3 2 1 0 -2 0 1
8 -3 2 1 0 -2 0 -1
8 -3 2 1 0 0 0 1
8 -3 2 1 0 0 0 -1
8 -3 2 1 0 2 0 1
8 -3 2 1 0 2 0 -1
8 -3 2 1 1 -1 0 1
8 -3 2 1 1 -1 0 -1
8 -3 2 1 1 1 0 1
8 -3 2 1 1 1 0 -1
8 -3 2 1 2 0 0 1
8 -3 2 1 2 0 0 -1
8 -2 2 1 -2 0 0 1
8 -2 2 1 -2 0 0 -1
8 -2 2 1 -1 -1 0 1
8 -2 2 1 -1 -1 0 -1
8 -2 2 1 -1 1 0 1
8 -2 2 1 -1 1 0 -1
8 -2 2 1 0 -2 0 1
8 -2 2 1 0 -2 0 -1
8 -2 2 1 0 0 0 1
8 -2 2 1 0 0 0 -1
8 -2 2 1 0 2 0 1
8 -2 2 1 0 2 0 -1
8 -2 2 1 1 -1 0 1
8 -2 2 1 1 -1 0 -1
8 -2 2 1 1 1 0 1
8 -2 2 1 1 1 0 -1
8 -2 2 1 2 0 0 1
8 -2 2 1 2 0 0 -1
8 -1 2 1 -2 0 0 1
8 -1 2 1 -2 0 0 -1
8 -1 2 1 -1 -1 0 1
8 -1 2 1 -1 -1 0 -1
8 -1 2 1 -1 1 0 1
8 -1 2 1 -1 1 0 -1
8 -1 2 1 0 -2 0 1
8 -1 2 1 0 -2 0 -1
8 -1 2 1 0 0 0 1
8 -1 2 1 0 0 0 -1
8 -1 2 1 0 2 0 1
8 -1 2 1 0 2 0 -1
8 -1 2 1 1 -1 0 1
8 -1 2 1 1 -1 0 -1
8 -1 2 1 1 1 0 1
8 -1 2 1 1 1 0 -1
8 -1 2 1 2 0 0 1
8 -1 2 1 2 0 0 -1
8 0 2 1 -2 0 0 1
8 0 2 1 -2 0 0 -1
8 0 2 1 -1 -1 0 1
8 0 2 1 -1 -1 0 -1
8 0 2 1 -1 1 0 1
8 0 2 1 -1 1 0 -1
8 0 2 1 0 -2 0 1
8 0 2 1 0 -2 0 -1
8 0 2 1 0 0 0 1
8 0 2 1 0 0 0 -1
8 0 2 1 0 2 0 1
8 0 2 1 0 2 0 -1
8 0 2 1 1 -1 0 1
8 0 2 1 1 -1 0 -1
8 0 2 1 1 1 0 1
8 0 2 1 1 1 0 -1
8 0 2 1 2 0 0 1
8 0 2 1 2 0 0 -1
8 1 2 1 -2 0 0 1
8 1 2 1 -2 0 0 -1
8 1 2 1 -1 -1 0 1
8 1 2 1 -1 -1 0 -1
8 1 2 1 -1 1 0 1
8 1 2 1 -1 1 0 -1
8 1 2 1 0 -2 0 1
8 1 2 1 0 -2 0 -1
8 1 2 1 0 0 0 1
8 1 2 1 0 0 0 -1
8 1 2 1 0 2 0 1
8 1 2 1 0 2 0 -1
8 1 2 1 1 -1 0 1
8 1 2 1 1 -1 0 -1
8 1 2 1 1 1 0 1
8 1 2 1 1 1 0 -1
8 1 2 1 2 0 0 1
8 1 2 1 2 0 0 -1
8 2 2 1 -2 0 0 1
8 2 2 1 -2 0 0 -1
8 2 2 1 -1 -1 0 1
8 2 2 1 -1 -1 0 -1
8 2 2 1 -1 1 0 1
8 2 2 1 -1 1 0 -1
8 2 2 1 0 -2 0 1
8 2 2 1 0 -2 0 -1
8 2 2 1 0 0 0 1
8 2 2 1 0 0 0 -1
8 2 2 1 0 2 0 1
8 2 2 1 0 2 0 -1
8 2 2 1 1 -1 0 1
8 2 2 1 1 -1 0 -1
8 2 2 1 1 1 0 1
8 2 2 1 1 1 0 -1
8 2 2 1 2 0 0 1
8 2 2 1 2 0 0 -1
8 3 2 1 -2 0 0 1
8 3 2 1 -2 0 0 -1
8 3 2 1 -1 -1 0 1
8 3 2 1 -1 -1 0 -1
8 3 2 1 -1 1 0 1
8 3 2 1 -1 1 0 -1
8 3 2 1 0 -2 0 1
8 3 2 1 0 -2 0 -1
8 3 2 1 0 0 0 1
8 3 2 1 0 0 0 -1
8 3 2 1 0 2 0 1
8 3 2 1 0 2 0 -1
8 3 2 1 1 -1 0 1
8 3 2 1 1 -1 0 -1
8 3 2 1 1 1 0 1
8 3 2 1 1 1 0 -1
8 3 2 1 2 0 0 1
8 3 2 1 2 0 0 -1
8 -3 4 1 -2 0 0 1
8 -3 4 1 -2 0 0 -1
8 -3 4 1 -1 -1 0 1
8 -3 4 1 -1 -1 0 -1
8 -3 4 1 -1 1 0 1
8 -3 4 1 -1 1 0 -1
8 -3 4 1 0 -2 0 1
8 -3 4 1 0 -2 0 -1
8 -3 4 1 0 0 0 1
8 -3 4 1 0 0 0 -1
8 -3 4 1 0 2 0 1
8 -3 4 1 0 2 0 -1
8 -3 4 1 1 -1 0 1
8 -3 4 1 1 -1 0 -1
8 -3 4 1 1 1 0 1
8 -3 4 1 1 1 0 -1
8 -3 4 1 2 0 0 1
8 -3 4 1 2 0 0 -1
8 -2 4 1 -2 0 0 1
8 -2 4 1 -2 0 0 -1
8 -2 4 1 -1 -1 0 1
8 -2 4 1 -1 -1 0 -1
8 -2 4 1 -1 1 0 1
8 -2 4 1 -1 1 0 -1
8 -2 4 1 0 -2 0 1
8 -2 4 1 0 -2 0 -1
8 -2 4 1 0 0 0 1
8 -2 4 1 0 0 0 -1
8 -2 4 1 0 2 0 1
8 -2 4 1 0 2 0 -1
8 -2 4 1 1 -1 0 1
8 -2 4 1 1 -1 0 -1
8 -2 4 1 1 1 0 1
8 -2 4 1 1 1 0 -1
8 -2 4 1 2 0 0 1
8 -2 4 1 2 0 0 -1
8 -1 4 1 -2 0 0 1
8 -1 4 1 -2 0 0 -1
8 -1 4 1 -1 -1 0 1
8 -1 4 1 -1 -1 0 -1
8 -1 4 1 -1 1 0 1
8 -1 4 1 -1 1 0 -1
8 -1 4 1 0 -2 0 1
8 -1 4 1 0 -2 0 -1
8 -1 4 1 0 0 0 1
8 -1 4 1 0 0 0 -1
8 -1 4 1 0 2 0 1
8 -1 4 1 0 2 0 -1
8 -1 4 1 1 -1 0 1
8 -1 4 1 1 -1 0 -1
8 -1 4 1 1 1 0 1
8 -1 4 1 1 1 0 -1
8 -1 4 1 2 0 0 1
8 -1 4 1 2 0 0 -1
8 0 4 1 -2 0 0 1
8 0 4 1 -2 0 0 -1
8 0 4 1 -1 -1 0 1
8 0 4 1 -1 -1 0 -1
8 0 4 1 -1 1 0 1
8 0 4 1 -1 1 0 -1
8 0 4 1 0 -2 0 1
8 0 4 1 0 -2 0 -1
8 0 4 1 0 0 0 1
8 0 4 1 0 0 0 -1
8 0 4 1 0 2 0 1
8 0 4 1 0 2 0 -1
8 0 4 1 1 -1 0 1
8 0 4 1 1 -1 0 -1
8 0 4 1 1 1 0 1
8 0 4 1 1 1 0 -1
8 0 4 1 2 0 0 1
8 0 4 1 2 0 0 -1
8 1 4 1 -2 0 0 1
8 1 4 1 -2 0 0 -1
8 1 4 1 -1 -1 0 1
8 1 4 1 -1 -1 0 -1
8 1 4 1 -1 1 0 1
8 1 4 1 -1 1 0 -1
8 1 4 1 0 -2 0 1
8 1 4 1 0 -2 0 -1
8 1 4 1 0 0 0 1
8 1 4 1 0 0 0 -1
8 1 4 1 0 2 0 1
8 1 4 1 0 2 0 -1
8 1 4 1 1 -1 0 1
8 1 4 1 1 -1 0 -1
8 1 4 1 1 1 0 1
8 1 4 1 1 1 0 -1
8 1 4 1 2 0 0 1
8 1 4 1 2 0 0 -1
8 2 4 1 -2 0 0 1
8 2 4 1 -2 0 0 -1
8 2 4 1 -1 -1 0 1
8 2 4 1 -1 -1 0 -1
8 2 4 1 -1 1 0 1
8 2 4 1 -1 1 0 -1
8 2 4 1 0 -2 0 1
8 2 4 1 0 -2 0 -1
8 2 4 1 0 0 0 1
8 2 4 1 0 0 0 -1
8 2 4 1 0 2 0 1
8 2 4 1 0 2 0 -1
8 2 4 1 1 -1 0 1
8 2 4 1 1 -1 0 -1
8 2 4 1 1 1 0 1
8 2 4 1 1 1 0 -1
8 2 4 1 2 0 0 1
8 2 4 1 2 0 0 -1
8 3 4 1 -2 0 0 1
8 3 4 1 -2 0 0 -1
8 3 4 1 -1 -1 0 1
8 3 4 1 -1 -1 0 -1
8 3 4 1 -1 1 0 1
8 3 4 1 -1 1 0 -1
8 3 4 1 0 -2 0 1
8 3 4 1 0 -2 0 -1
8 3 4 1 0 0 0 1
8 3 4 1 0 0 0 -1
8 3 4 1 0 2 0 1
8 3 4 1 0 2 0 -1
8 3 4 1 1 -1 0 1
8 3 4 1 1 -1 0 -1
8 3 4 1 1 1 0 1
8 3 4 1 1 1 0 -1
8 3 4 1 2 0 0 1
8 3 4 1 2 0 0 -1
