2 2 0 1 2 0 1 0 2 0 0 -1
2 2 2 1 2 0 1 0 2 0 0 -1
3 2 2 1 2 0 1 0 2 0 0 -1
4 2 0 1 2 0 1 0 2 0 0 -1
4 2 2 1 2 0 1 0 2 0 0 -1
4 2 4 1 2 0 1 0 2 0 0 -1
5 2 2 1 2 0 1 0 2 0 0 -1
5 2 4 1 2 0 1 0 2 0 0 -1
6 2 0 1 2 0 1 0 2 0 0 -1
6 2 2 1 2 0 1 0 2 0 0 -1
6 2 4 1 2 0 1 0 2 0 0 -1
6 2 6 1 2 0 1 0 2 0 0 -1
7 2 2 1 2 0 1 0 2 0 0 -1
7 2 4 1 2 0 1 0 2 0 0 -1
7 2 6 1 2 0 1 0 2 0 0 -1
8 2 0 1 2 0 1 0 2 0 0 -1
8 2 2 1 2 0 1 0 2 0 0 -1
8 2 4 1 2 0 1 0 2 0 0 -1
8 2 6 1 2 0 1 0 2 0 0 -1
8 2 8 1 2 0 1 0 2 0 0 -1
9 2 2 1 2 0 1 0 2 0 0 -1
9 2 4 1 2 0 1 0 2 0 0 -1
9 2 6 1 2 0 1 0 2 0 0 -1
9 2 8 1 2 0 1 0 2 0 0 -1
1.0e+01 2 0 1 2 0 1 0 2 0 0 -1
1.0e+01 2 2 1 2 0 1 0 2 0 0 -1
1.0e+01 2 4 1 2 0 1 0 2 0 0 -1
1.0e+01 2 6 1 2 0 1 0 2 0 0 -1
1.0e+01 2 8 1 2 0 1 0 2 0 0 -1
1.0e+01 2 1.0e+01 1 2 0 1 0 2 0 0 -1
1.1e+01 2 2 1 2 0 1 0 2 0 0 -1
1.1e+01 2 4 1 2 0 1 0 2 0 0 -1
1.1e+01 2 6 1 2 0 1 0 2 0 0 -1
1.1e+01 2 8 1 2 0 1 0 2 0 0 -1
1.1e+01 2 1.0e+01 1 2 0 1 0 2 0 0 -1
1.2e+01 2 0 1 2 0 1 0 2 0 0 -1
1.2e+01 2 2 1 2 0 1 0 2 0 0 -1
1.2e+01 2 4 1 2 0 1 0 2 0 0 -1
1.2e+01 2 6 1 2 0 1 0 2 0 0 -1
1.2e+01 2 8 1 2 0 1 0 2 0 0 -1
1.2e+01 2 1.0e+01 1 2 0 1 0 2 0 0 -1
1.2e+01 2 1.2e+01 1 2 0 1 0 2 0 0 -1
1.3e+01 2 2 1 2 0 1 0 2 0 0 -1
1.3e+01 2 4 1 2 0 1 0 2 0 0 -1
1.3e+01 2 6 1 2 0 1 0 2 0 0 -1
1.3e+01 2 8 1 2 0 1 0 2 0 0 -1
1.3e+01 2 1.0e+01 1 2 0 1 0 2 0 0 -1
1.3e+01 2 1.2e+01 1 2 0 1 0 2 0 0 -1
1.4e+01 2 0 1 2 0 1 0 2 0 0 -1
1.4e+01 2 2 1 2 0 1 0 2 0 0 -1
1.4e+01 2 4 1 2 0 1 0 2 0 0 -1
1.4e+01 2 6 1 2 0 1 0 2 0 0 -1
1.4e+01 2 8 1 2 0 1 0 2 0 0 -1
1.4e+01 2 1.0e+01 1 2 0 1 0 2 0 0 -1
1.4e+01 2 1.2e+01 1 2 0 1 0 2 0 0 -1
1.4e+01 2 1.4e+01 1 2 0 1 0 2 0 0 -1
1.5e+01 2 2 1 2 0 1 0 2 0 0 -1
1.5e+01 2 4 1 2 0 1 0 2 0 0 -1
1.5e+01 2 6 1 2 0 1 0 2 0 0 -1
1.5e+01 2 8 1 2 0 1 0 2 0 0 -1
1.5e+01 2 1.0e+01 1 2 0 1 0 2 0 0 -1
1.5e+01 2 1.2e+01 1 2 0 1 0 2 0 0 -1
1.5e+01 2 1.4e+01 1 2 0 1 0 2 0 0 -1
1.6e+01 2 0 1 2 0 1 0 2 0 0 -1
1.6e+01 2 2 1 2 0 1 0 2 0 0 -1
1.6e+01 2 4 1 2 0 1 0 2 0 0 -1
1.6e+01 2 6 1 2 0 1 0 2 0 0 -1
1.6e+01 2 8 1 2 0 1 0 2 0 0 -1
1.6e+01 2 1.0e+01 1 2 0 1 0 2 0 0 -1
1.6e+01 2 1.2e+01 1 2 0 1 0 2 0 0 -1
1.6e+01 2 1.4e+01 1 2 0 1 0 2 0 0 -1
1.6e+01 2 1.6e+01 1 2 0 1 0 2 0 0 -1
1.7e+01 2 2 1 2 0 1 0 2 0 0 -1
1.7e+01 2 4 1 2 0 1 0 2 0 0 -1
1.7e+01 2 6 1 2 0 1 0 2 0 0 -1
1.7e+01 2 8 1 2 0 1 0 2 0 0 -1
1.7e+01 2 1.0e+01 1 2 0 1 0 2 0 0 -1
1.7e+01 2 1.2e+01 1 2 0 1 0 2 0 0 -1
1.7e+01 2 1.4e+01 1 2 0 1 0 2 0 0 -1
1.7e+01 2 1.6e+01 1 2 0 1 0 2 0 0 -1
1.8e+01 2 0 1 2 0 1 0 2 0 0 -1
1.8e+01 2 2 1 2 0 1 0 2 0 0 -1
1.8e+01 2 4 1 2 0 1 0 2 0 0 -1
1.8e+01 2 6 1 2 0 1 0 2 0 0 -1
1.8e+01 2 8 1 2 0 1 0 2 0 0 -1
1.8e+01 2 1.0e+01 1 2 0 1 0 2 0 0 -1
1.8e+01 2 1.2e+01 1 2 0 1 0 2 0 0 -1
1.8e+01 2 1.4e+01 1 2 0 1 0 2 0 0 -1
1.8e+01 2 1.6e+01 1 2 0 1 0 2 0 0 -1
1.8e+01 2 1.8e+01 1 2 0 1 0 2 0 0 -1
1.9e+01 2 2 1 2 0 1 0 2 0 0 -1
1.9e+01 2 4 1 2 0 1 0 2 0 0 -1
1.9e+01 2 6 1 2 0 1 0 2 0 0 -1
1.9e+01 2 8 1 2 0 1 0 2 0 0 -1
1.9e+01 2 1.0e+01 1 2 0 1 0 2 0 0 -1
1.9e+01 2 1.2e+01 1 2 0 1 0 2 0 0 -1
1.9e+01 2 1.4e+01 1 2 0 1 0 2 0 0 -1
1.9e+01 2 1.6e+01 1 2 0 1 0 2 0 0 -1
1.9e+01 2 1.8e+01 1 2 0 1 0 2 0 0 -1
2.0e+01 2 0 1 2 0 1 0 2 0 0 -1
2.0e+01 2 2 1 2 0 1 0 2 0 0 -1
2.0e+01 2 4 1 2 0 1 0 2 0 0 -1
2.0e+01 2 6 1 2 0 1 0 2 0 0 -1
2.0e+01 2 8 1 2 0 1 0 2 0 0 -1
2.0e+01 2 1.0e+01 1 2 0 1 0 2 0 0 -1
2.0e+01 2 1.2e+01 1 2 0 1 0 2 0 0 -1
2.0e+01 2 1.4e+01 1 2 0 1 0 2 0 0 -1
2.0e+01 2 1.6e+01 1 2 0 1 0 2 0 0 -1
2.0e+01 2 1.8e+01 1 2 0 1 0 2 0 0 -1
2.0e+01 2 2.0e+01 1 2 0 1 0 2 0 0 -1
2.1e+01 2 2 1 2 0 1 0 2 0 0 -1
2.1e+01 2 4 1 2 0 1 0 2 0 0 -1
2.1e+01 2 6 1 2 0 1 0 2 0 0 -1
2.1e+01 2 8 1 2 0 1 0 2 0 0 -1
2.1e+01 2 1.0e+01 1 2 0 1 0 2 0 0 -1
2.1e+01 2 1.2e+01 1 2 0 1 0 2 0 0 -1
2.1e+01 2 1.4e+01 1 2 0 1 0 2 0 0 -1
2.1e+01 2 1.6e+01 1 2 0 1 0 2 0 0 -1
2.1e+01 2 1.8e+01 1 2 0 1 0 2 0 0 -1
2.1e+01 2 2.0e+01 1 2 0 1 0 2 0 0 -1
2.2e+01 2 0 1 2 0 1 0 2 0 0 -1
2.2e+01 2 2 1 2 0 1 0 2 0 0 -1
2.2e+01 2 4 1 2 0 1 0 2 0 0 -1
2.2e+01 2 6 1 2 0 1 0 2 0 0 -1
2.2e+01 2 8 1 2 0 1 0 2 0 0 -1
2.2e+01 2 1.0e+01 1 2 0 1 0 2 0 0 -1
2.2e+01 2 1.2e+01 1 2 0 1 0 2 0 0 -1
2.2e+01 2 1.4e+01 1 2 0 1 0 2 0 0 -1
2.2e+01 2 1.6e+01 1 2 0 1 0 2 0 0 -1
2.2e+01 2 1.8e+01 1 2 0 1 0 2 0 0 -1
2.2e+01 2 2.0e+01 1 2 0 1 0 2 0 0 -1
2.2e+01 2 2.2e+01 1 2 0 1 0 2 0 0 -1
2.3e+01 2 2 1 2 0 1 0 2 0 0 -1
2.3e+01 2 4 1 2 0 1 0 2 0 0 -1
2.3e+01 2 6 1 2 0 1 0 2 0 0 -1
2.3e+01 2 8 1 2 0 1 0 2 0 0 -1
2.3e+01 2 1.0e+01 1 2 0 1 0 2 0 0 -1
2.3e+01 2 1.2e+01 1 2 0 1 0 2 0 0 -1
2.3e+01 2 1.4e+01 1 2 0 1 0 2 0 0 -1
2.3e+01 2 1.6e+01 1 2 0 1 0 2 0 0 -1
2.3e+01 2 1.8e+01 1 2 0 1 0 2 0 0 -1
2.3e+01 2 2.0e+01 1 2 0 1 0 2 0 0 -1
2.3e+01 2 2.2e+01 1 2 0 1 0 2 0 0 -1
2.4e+01 2 0 1 2 0 1 0 2 0 0 -1
2.4e+01 2 2 1 2 0 1 0 2 0 0 -1
2.4e+01 2 4 1 2 0 1 0 2 0 0 -1
2.4e+01 2 6 1 2 0 1 0 2 0 0 -1
2.4e+01 2 8 1 2 0 1 0 2 0 0 -1
2.4e+01 2 1.0e+01 1 2 0 1 0 2 0 0 -1
2.4e+01 2 1.2e+01 1 2 0 1 0 2 0 0 -1
2.4e+01 2 1.4e+01 1 2 0 1 0 2 0 0 -1
2.4e+01 2 1.6e+01 1 2 0 1 0 2 0 0 -1
2.4e+01 2 1.8e+01 1 2 0 1 0 2 0 0 -1
2.4e+01 2 2.0e+01 1 2 0 1 0 2 0 0 -1
2.4e+01 2 2.2e+01 1 2 0 1 0 2 0 0 -1
2.4e+01 2 2.4e+01 1 2 0 1 0 2 0 0 -1
2.5e+01 2 2 1 2 0 1 0 2 0 0 -1
2.5e+01 2 4 1 2 0 1 0 2 0 0 -1
2.5e+01 2 6 1 2 0 1 0 2 0 0 -1
2.5e+01 2 8 1 2 0 1 0 2 0 0 -1
2.5e+01 2 1.0e+01 1 2 0 1 0 2 0 0 -1
2.5e+01 2 1.2e+01 1 2 0 1 0 2 0 0 -1
2.5e+01 2 1.4e+01 1 2 0 1 0 2 0 0 -1
2.5e+01 2 1.6e+01 1 2 0 1 0 2 0 0 -1
2.5e+01 2 1.8e+01 1 2 0 1 0 2 0 0 -1
2.5e+01 2 2.0e+01 1 2 0 1 0 2 0 0 -1
2.5e+01 2 2.2e+01 1 2 0 1 0 2 0 0 -1
2.5e+01 2 2.4e+01 1 2 0 1 0 2 0 0 -1
2.6e+01 2 0 1 2 0 1 0 2 0 0 -1
2.6e+01 2 2 1 2 0 1 0 2 0 0 -1
2.6e+01 2 4 1 2 0 1 0 2 0 0 -1
2.6e+01 2 6 1 2 0 1 0 2 0 0 -1
2.6e+01 2 8 1 2 0 1 0 2 0 0 -1
2.6e+01 2 1.0e+01 1 2 0 1 0 2 0 0 -1
2.6e+01 2 1.2e+01 1 2 0 1 0 2 0 0 -1
2.6e+01 2 1.4e+01 1 2 0 1 0 2 0 0 -1
2.6e+01 2 1.6e+01 1 2 0 1 0 2 0 0 -1
2.6e+01 2 1.8e+01 1 2 0 1 0 2 0 0 -1
2.6e+01 2 2.0e+01 1 2 0 1 0 2 0 0 -1
2.6e+01 2 2.2e+01 1 2 0 1 0 2 0 0 -1
2.6e+01 2 2.4e+01 1 2 0 1 0 2 0 0 -1
2.7e+01 2 2 1 2 0 1 0 2 0 0 -1
2.7e+01 2 4 1 2 0 1 0 2 0 0 -1
2.7e+01 2 6 1 2 0 1 0 2 0 0 -1
2.7e+01 2 8 1 2 0 1 0 2 0 0 -1
2.7e+01 2 1.0e+01 1 2 0 1 0 2 0 0 -1
2.7e+01 2 1.2e+01 1 2 0 1 0 2 0 0 -1
2.7e+01 2 1.4e+01 1 2 0 1 0 2 0 0 -1
2.7e+01 2 1.6e+01 1 2 0 1 0 2 0 0 -1
2.7e+01 2 1.8e+01 1 2 0 1 0 2 0 0 -1
2.7e+01 2 2.0e+01 1 2 0 1 0 2 0 0 -1
2.7e+01 2 2.2e+01 1 2 0 1 0 2 0 0 -1
2.7e+01 2 2.4e+01 1 2 0 1 0 2 0 0 -1
2.8e+01 2 0 1 2 0 1 0 2 0 0 -1
2.8e+01 2 2 1 2 0 1 0 2 0 0 -1
2.8e+01 2 4 1 2 0 1 0 2 0 0 -1
2.8e+01 2 6 1 2 0 1 0 2 0 0 -1
2.8e+01 2 8 1 2 0 1 0 2 0 0 -1
2.8e+01 2 1.0e+01 1 2 0 1 0 2 0 0 -1
2.8e+01 2 1.2e+01 1 2 0 1 0 2 0 0 -1
2.8e+01 2 1.4e+01 1 2 0 1 0 2 0 0 -1
2.8e+01 2 1.6e+01 1 2 0 1 0 2 0 0 -1
2.8e+01 2 1.8e+01 1 2 0 1 0 2 0 0 -1
2.8e+01 2 2.0e+01 1 2 0 1 0 2 0 0 -1
2.8e+01 2 2.2e+01 1 2 0 1 0 2 0 0 -1
2.8e+01 2 2.4e+01 1 2 0 1 0 2 0 0 -1
2.9e+01 2 2 1 2 0 1 0 2 0 0 -1
2.9e+01 2 4 1 2 0 1 0 2 0 0 -1
2.9e+01 2 6 1 2 0 1 0 2 0 0 -1
2.9e+01 2 8 1 2 0 1 0 2 0 0 -1
2.9e+01 2 1.0e+01 1 2 0 1 0 2 0 0 -1
2.9e+01 2 1.2e+01 1 2 0 1 0 2 0 0 -1
2.9e+01 2 1.4e+01 1 2 0 1 0 2 0 0 -1
2.9e+01 2 1.6e+01 1 2 0 1 0 2 0 0 -1
2.9e+01 2 1.8e+01 1 2 0 1 0 2 0 0 -1
2.9e+01 2 2.0e+01 1 2 0 1 0 2 0 0 -1
2.9e+01 2 2.2e+01 1 2 0 1 0 2 0 0 -1
2.9e+01 2 2.4e+01 1 2 0 1 0 2 0 0 -1
3.0e+01 2 0 1 2 0 1 0 2 0 0 -1
3.0e+01 2 2 1 2 0 1 0 2 0 0 -1
3.0e+01 2 4 1 2 0 1 0 2 0 0 -1
3.0e+01 2 6 1 2 0 1 0 2 0 0 -1
3.0e+01 2 8 1 2 0 1 0 2 0 0 -1
3.0e+01 2 1.0e+01 1 2 0 1 0 2 0 0 -1
3.0e+01 2 1.2e+01 1 2 0 1 0 2 0 0 -1
3.0e+01 2 1.4e+01 1 2 0 1 0 2 0 0 -1
3.0e+01 2 1.6e+01 1 2 0 1 0 2 0 0 -1
3.0e+01 2 1.8e+01 1 2 0 1 0 2 0 0 -1
3.0e+01 2 2.0e+01 1 2 0 1 0 2 0 0 -1
3.0e+01 2 2.2e+01 1 2 0 1 0 2 0 0 -1
3.0e+01 2 2.4e+01 1 2 0 1 0 2 0 0 -1
3.1e+01 2 2 1 2 0 1 0 2 0 0 -1
3.1e+01 2 4 1 2 0 1 0 2 0 0 -1
3.1e+01 2 6 1 2 0 1 0 2 0 0 -1
3.1e+01 2 8 1 2 0 1 0 2 0 0 -1
3.1e+01 2 1.0e+01 1 2 0 1 0 2 0 0 -1
3.1e+01 2 1.2e+01 1 2 0 1 0 2 0 0 -1
3.1e+01 2 1.4e+01 1 2 0 1 0 2 0 0 -1
3.1e+01 2 1.6e+01 1 2 0 1 0 2 0 0 -1
3.1e+01 2 1.8e+01 1 2 0 1 0 2 0 0 -1
3.1e+01 2 2.0e+01 1 2 0 1 0 2 0 0 -1
3.1e+01 2 2.2e+01 1 2 0 1 0 2 0 0 -1
3.1e+01 2 2.4e+01 1 2 0 1 0 2 0 0 -1
3.2e+01 2 0 1 2 0 1 0 2 0 0 -1
3.2e+01 2 2 1 2 0 1 0 2 0 0 -1
3.2e+01 2 4 1 2 0 1 0 2 0 0 -1
3.2e+01 2 6 1 2 0 1 0 2 0 0 -1
3.2e+01 2 8 1 2 0 1 0 2 0 0 -1
3.2e+01 2 1.0e+01 1 2 0 1 0 2 0 0 -1
3.2e+01 2 1.2e+01 1 2 0 1 0 2 0 0 -1
3.2e+01 2 1.4e+01 1 2 0 1 0 2 0 0 -1
3.2e+01 2 1.6e+01 1 2 0 1 0 2 0 0 -1
3.2e+01 2 1.8e+01 1 2 0 1 0 2 0 0 -1
3.2e+01 2 2.0e+01 1 2 0 1 0 2 0 0 -1
3.2e+01 2 2.2e+01 1 2 0 1 0 2 0 0 -1
3.2e+01 2 2.4e+01 1 2 0 1 0 2 0 0 -1
3.3e+01 2 2 1 2 0 1 0 2 0 0 -1
3.3e+01 2 4 1 2 0 1 0 2 0 0 -1
3.3e+01 2 6 1 2 0 1 0 2 0 0 -1
3.3e+01 2 8 1 2 0 1 0 2 0 0 -1
3.3e+01 2 1.0e+01 1 2 0 1 0 2 0 0 -1
3.3e+01 2 1.2e+01 1 2 0 1 0 2 0 0 -1
3.3e+01 2 1.4e+01 1 2 0 1 0 2 0 0 -1
3.3e+01 2 1.6e+01 1 2 0 1 0 2 0 0 -1
3.3e+01 2 1.8e+01 1 2 0 1 0 2 0 0 -1
3.3e+01 2 2.0e+01 1 2 0 1 0 2 0 0 -1
3.3e+01 2 2.2e+01 1 2 0 1 0 2 0 0 -1
3.3e+01 2 2.4e+01 1 2 0 1 0 2 0 0 -1
3.4e+01 2 0 1 2 0 1 0 2 0 0 -1
3.4e+01 2 2 1 2 0 1 0 2 0 0 -1
3.4e+01 2 4 1 2 0 1 0 2 0 0 -1
3.4e+01 2 6 1 2 0 1 0 2 0 0 -1
3.4e+01 2 8 1 2 0 1 0 2 0 0 -1
3.4e+01 2 1.0e+01 1 2 0 1 0 2 0 0 -1
3.4e+01 2 1.2e+01 1 2 0 1 0 2 0 0 -1
3.4e+01 2 1.4e+01 1 2 0 1 0 2 0 0 -1
3.4e+01 2 1.6e+01 1 2 0 1 0 2 0 0 -1
3.4e+01 2 1.8e+01 1 2 0 1 0 2 0 0 -1
3.4e+01 2 2.0e+01 1 2 0 1 0 2 0 0 -1
3.4e+01 2 2.2e+01 1 2 0 1 0 2 0 0 -1
3.4e+01 2 2.4e+01 1 2 0 1 0 2 0 0 -1
3.5e+01 2 2 1 2 0 1 0 2 0 0 -1
3.5e+01 2 4 1 2 0 1 0 2 0 0 -1
3.5e+01 2 6 1 2 0 1 0 2 0 0 -1
3.5e+01 2 8 1 2 0 1 0 2 0 0 -1
3.5e+01 2 1.0e+01 1 2 0 1 0 2 0 0 -1
3.5e+01 2 1.2e+01 1 2 0 1 0 2 0 0 -1
3.5e+01 2 1.4e+01 1 2 0 1 0 2 0 0 -1
3.5e+01 2 1.6e+01 1 2 0 1 0 2 0 0 -1
3.5e+01 2 1.8e+01 1 2 0 1 0 2 0 0 -1
3.5e+01 2 2.0e+01 1 2 0 1 0 2 0 0 -1
3.5e+01 2 2.2e+01 1 2 0 1 0 2 0 0 -1
3.5e+01 2 2.4e+01 1 2 0 1 0 2 0 0 -1
3.6e+01 2 0 1 2 0 1 0 2 0 0 -1
3.6e+01 2 2 1 2 0 1 0 2 0 0 -1
3.6e+01 2 4 1 2 0 1 0 2 0 0 -1
3.6e+01 2 6 1 2 0 1 0 2 0 0 -1
3.6e+01 2 8 1 2 0 1 0 2 0 0 -1
3.6e+01 2 1.0e+01 1 2 0 1 0 2 0 0 -1
3.6e+01 2 1.2e+01 1 2 0 1 0 2 0 0 -1
3.6e+01 2 1.4e+01 1 2 0 1 0 2 0 0 -1
3.6e+01 2 1.6e+01 1 2 0 1 0 2 0 0 -1
3.6e+01 2 1.8e+01 1 2 0 1 0 2 0 0 -1
3.6e+01 2 2.0e+01 1 2 0 1 0 2 0 0 -1
3.6e+01 2 2.2e+01 1 2 0 1 0 2 0 0 -1
3.6e+01 2 2.4e+01 1 2 0 1 0 2 0 0 -1
3.7e+01 2 2 1 2 0 1 0 2 0 0 -1
3.7e+01 2 4 1 2 0 1 0 2 0 0 -1
3.7e+01 2 6 1 2 0 1 0 2 0 0 -1
3.7e+01 2 8 1 2 0 1 0 2 0 0 -1
3.7e+01 2 1.0e+01 1 2 0 1 0 2 0 0 -1
3.7e+01 2 1.2e+01 1 2 0 1 0 2 0 0 -1
3.7e+01 2 1.4e+01 1 2 0 1 0 2 0 0 -1
3.7e+01 2 1.6e+01 1 2 0 1 0 2 0 0 -1
3.7e+01 2 1.8e+01 1 2 0 1 0 2 0 0 -1
3.7e+01 2 2.0e+01 1 2 0 1 0 2 0 0 -1
3.7e+01 2 2.2e+01 1 2 0 1 0 2 0 0 -1
3.7e+01 2 2.4e+01 1 2 0 1 0 2 0 0 -1
3.8e+01 2 0 1 2 0 1 0 2 0 0 -1
3.8e+01 2 2 1 2 0 1 0 2 0 0 -1
3.8e+01 2 4 1 2 0 1 0 2 0 0 -1
3.8e+01 2 6 1 2 0 1 0 2 0 0 -1
3.8e+01 2 8 1 2 0 1 0 2 0 0 -1
3.8e+01 2 1.0e+01 1 2 0 1 0 2 0 0 -1
3.8e+01 2 1.2e+01 1 2 0 1 0 2 0 0 -1
3.8e+01 2 1.4e+01 1 2 0 1 0 2 0 0 -1
3.8e+01 2 1.6e+01 1 2 0 1 0 2 0 0 -1
3.8e+01 2 1.8e+01 1 2 0 1 0 2 0 0 -1
3.8e+01 2 2.0e+01 1 2 0 1 0 2 0 0 -1
3.8e+01 2 2.2e+01 1 2 0 1 0 2 0 0 -1
3.8e+01 2 2.4e+01 1 2 0 1 0 2 0 0 -1
3.9e+01 2 2 1 2 0 1 0 2 0 0 -1
3.9e+01 2 4 1 2 0 1 0 2 0 0 -1
3.9e+01 2 6 1 2 0 1 0 2 0 0 -1
3.9e+01 2 8 1 2 0 1 0 2 0 0 -1
3.9e+01 2 1.0e+01 1 2 0 1 0 2 0 0 -1
3.9e+01 2 1.2e+01 1 2 0 1 0 2 0 0 -1
3.9e+01 2 1.4e+01 1 2 0 1 0 2 0 0 -1
3.9e+01 2 1.6e+01 1 2 0 1 0 2 0 0 -1
3.9e+01 2 1.8e+01 1 2 0 1 0 2 0 0 -1
3.9e+01 2 2.0e+01 1 2 0 1 0 2 0 0 -1
3.9e+01 2 2.2e+01 1 2 0 1 0 2 0 0 -1
3.9e+01 2 2.4e+01 1 2 0 1 0 2 0 0 -1
4.0e+01 2 0 1 2 0 1 0 2 0 0 -1
4.0e+01 2 2 1 2 0 1 0 2 0 0 -1
4.0e+01 2 4 1 2 0 1 0 2 0 0 -1
4.0e+01 2 6 1 2 0 1 0 2 0 0 -1
4.0e+01 2 8 1 2 0 1 0 2 0 0 -1
4.0e+01 2 1.0e+01 1 2 0 1 0 2 0 0 -1
4.0e+01 2 1.2e+01 1 2 0 1 0 2 0 0 -1
4.0e+01 2 1.4e+01 1 2 0 1 0 2 0 0 -1
4.0e+01 2 1.6e+01 1 2 0 1 0 2 0 0 -1
4.0e+01 2 1.8e+01 1 2 0 1 0 2 0 0 -1
4.0e+01 2 2.0e+01 1 2 0 1 0 2 0 0 -1
4.0e+01 2 2.2e+01 1 2 0 1 0 2 0 0 -1
4.0e+01 2 2.4e+01 1 2 0 1 0 2 0 0 -1
4.1e+01 2 2 1 2 0 1 0 2 0 0 -1
4.1e+01 2 4 1 2 0 1 0 2 0 0 -1
4.1e+01 2 6 1 2 0 1 0 2 0 0 -1
4.1e+01 2 8 1 2 0 1 0 2 0 0 -1
4.1e+01 2 1.0e+01 1 2 0 1 0 2 0 0 -1
4.1e+01 2 1.2e+01 1 2 0 1 0 2 0 0 -1
4.1e+01 2 1.4e+01 1 2 0 1 0 2 0 0 -1
4.1e+01 2 1.6e+01 1 2 0 1 0 2 0 0 -1
4.1e+01 2 1.8e+01 1 2 0 1 0 2 0 0 -1
4.1e+01 2 2.0e+01 1 2 0 1 0 2 0 0 -1
4.1e+01 2 2.2e+01 1 2 0 1 0 2 0 0 -1
4.1e+01 2 2.4e+01 1 2 0 1 0 2 0 0 -1
4.2e+01 2 0 1 2 0 1 0 2 0 0 -1
4.2e+01 2 2 1 2 0 1 0 2 0 0 -1
4.2e+01 2 4 1 2 0 1 0 2 0 0 -1
4.2e+01 2 6 1 2 0 1 0 2 0 0 -1
4.2e+01 2 8 1 2 0 1 0 2 0 0 -1
4.2e+01 2 1.0e+01 1 2 0 1 0 2 0 0 -1
4.2e+01 2 1.2e+01 1 2 0 1 0 2 0 0 -1
4.2e+01 2 1.4e+01 1 2 0 1 0 2 0 0 -1
4.2e+01 2 1.6e+01 1 2 0 1 0 2 0 0 -1
4.2e+01 2 1.8e+01 1 2 0 1 0 2 0 0 -1
4.2e+01 2 2.0e+01 1 2 0 1 0 2 0 0 -1
4.2e+01 2 2.2e+01 1 2 0 1 0 2 0 0 -1
4.2e+01 2 2.4e+01 1 2 0 1 0 2 0 0 -1
4.3e+01 2 2 1 2 0 1 0 2 0 0 -1
4.3e+01 2 4 1 2 0 1 0 2 0 0 -1
4.3e+01 2 6 1 2 0 1 0 2 0 0 -1
4.3e+01 2 8 1 2 0 1 0 2 0 0 -1
4.3e+01 2 1.0e+01 1 2 0 1 0 2 0 0 -1
4.3e+01 2 1.2e+01 1 2 0 1 0 2 0 0 -1
4.3e+01 2 1.4e+01 1 2 0 1 0 2 0 0 -1
4.3e+01 2 1.6e+01 1 2 0 1 0 2 0 0 -1
4.3e+01 2 1.8e+01 1 2 0 1 0 2 0 0 -1
4.3e+01 2 2.0e+01 1 2 0 1 0 2 0 0 -1
4.3e+01 2 2.2e+01 1 2 0 1 0 2 0 0 -1
4.3e+01 2 2.4e+01 1 2 0 1 0 2 0 0 -1
4.4e+01 2 0 1 2 0 1 0 2 0 0 -1
4.4e+01 2 2 1 2 0 1 0 2 0 0 -1
4.4e+01 2 4 1 2 0 1 0 2 0 0 -1
4.4e+01 2 6 1 2 0 1 0 2 0 0 -1
4.4e+01 2 8 1 2 0 1 0 2 0 0 -1
4.4e+01 2 1.0e+01 1 2 0 1 0 2 0 0 -1
4.4e+01 2 1.2e+01 1 2 0 1 0 2 0 0 -1
4.4e+01 2 1.4e+01 1 2 0 1 0 2 0 0 -1
4.4e+01 2 1.6e+01 1 2 0 1 0 2 0 0 -1
4.4e+01 2 1.8e+01 1 2 0 1 0 2 0 0 -1
4.4e+01 2 2.0e+01 1 2 0 1 0 2 0 0 -1
4.4e+01 2 2.2e+01 1 2 0 1 0 2 0 0 -1
4.4e+01 2 2.4e+01 1 2 0 1 0 2 0 0 -1
4.5e+01 2 2 1 2 0 1 0 2 0 0 -1
4.5e+01 2 4 1 2 0 1 0 2 0 0 -1
4.5e+01 2 6 1 2 0 1 0 2 0 0 -1
4.5e+01 2 8 1 2 0 1 0 2 0 0 -1
4.5e+01 2 1.0e+01 1 2 0 1 0 2 0 0 -1
4.5e+01 2 1.2e+01 1 2 0 1 0 2 0 0 -1
4.5e+01 2 1.4e+01 1 2 0 1 0 2 0 0 -1
4.5e+01 2 1.6e+01 1 2 0 1 0 2 0 0 -1
4.5e+01 2 1.8e+01 1 2 0 1 0 2 0 0 -1
4.5e+01 2 2.0e+01 1 2 0 1 0 2 0 0 -1
4.5e+01 2 2.2e+01 1 2 0 1 0 2 0 0 -1
4.5e+01 2 2.4e+01 1 2 0 1 0 2 0 0 -1
4.6e+01 2 0 1 2 0 1 0 2 0 0 -1
4.6e+01 2 2 1 2 0 1 0 2 0 0 -1
4.6e+01 2 4 1 2 0 1 0 2 0 0 -1
4.6e+01 2 6 1 2 0 1 0 2 0 0 -1
4.6e+01 2 8 1 2 0 1 0 2 0 0 -1
4.6e+01 2 1.0e+01 1 2 0 1 0 2 0 0 -1
4.6e+01 2 1.2e+01 1 2 0 1 0 2 0 0 -1
4.6e+01 2 1.4e+01 1 2 0 1 0 2 0 0 -1
4.6e+01 2 1.6e+01 1 2 0 1 0 2 0 0 -1
4.6e+01 2 1.8e+01 1 2 0 1 0 2 0 0 -1
4.6e+01 2 2.0e+01 1 2 0 1 0 2 0 0 -1
4.6e+01 2 2.2e+01 1 2 0 1 0 2 0 0 -1
4.6e+01 2 2.4e+01 1 2 0 1 0 2 0 0 -1
4.7e+01 2 2 1 2 0 1 0 2 0 0 -1
4.7e+01 2 4 1 2 0 1 0 2 0 0 -1
4.7e+01 2 6 1 2 0 1 0 2 0 0 -1
4.7e+01 2 8 1 2 0 1 0 2 0 0 -1
4.7e+01 2 1.0e+01 1 2 0 1 0 2 0 0 -1
4.7e+01 2 1.2e+01 1 2 0 1 0 2 0 0 -1
4.7e+01 2 1.4e+01 1 2 0 1 0 2 0 0 -1
4.7e+01 2 1.6e+01 1 2 0 1 0 2 0 0 -1
4.7e+01 2 1.8e+01 1 2 0 1 0 2 0 0 -1
4.7e+01 2 2.0e+01 1 2 0 1 0 2 0 0 -1
4.7e+01 2 2.2e+01 1 2 0 1 0 2 0 0 -1
4.7e+01 2 2.4e+01 1 2 0 1 0 2 0 0 -1
4.8e+01 2 0 1 2 0 1 0 2 0 0 -1
4.8e+01 2 2 1 2 0 1 0 2 0 0 -1
4.8e+01 2 4 1 2 0 1 0 2 0 0 -1
4.8e+01 2 6 1 2 0 1 0 2 0 0 -1
4.8e+01 2 8 1 2 0 1 0 2 0 0 -1
4.8e+01 2 1.0e+01 1 2 0 1 0 2 0 0 -1
4.8e+01 2 1.2e+01 1 2 0 1 0 2 0 0 -1
4.8e+01 2 1.4e+01 1 2 0 1 0 2 0 0 -1
4.8e+01 2 1.6e+01 1 2 0 1 0 2 0 0 -1
4.8e+01 2 1.8e+01 1 2 0 1 0 2 0 0 -1
4.8e+01 2 2.0e+01 1 2 0 1 0 2 0 0 -1
4.8e+01 2 2.2e+01 1 2 0 1 0 2 0 0 -1
4.8e+01 2 2.4e+01 1 2 0 1 0 2 0 0 -1
4.9e+01 2 2 1 2 0 1 0 2 0 0 -1
4.9e+01 2 4 1 2 0 1 0 2 0 0 -1
4.9e+01 2 6 1 2 0 1 0 2 0 0 -1
4.9e+01 2 8 1 2 0 1 0 2 0 0 -1
4.9e+01 2 1.0e+01 1 2 0 1 0 2 0 0 -1
4.9e+01 2 1.2e+01 1 2 0 1 0 2 0 0 -1
4.9e+01 2 1.4e+01 1 2 0 1 0 2 0 0 -1
4.9e+01 2 1.6e+01 1 2 0 1 0 2 0 0 -1
4.9e+01 2 1.8e+01 1 2 0 1 0 2 0 0 -1
4.9e+01 2 2.0e+01 1 2 0 1 0 2 0 0 -1
4.9e+01 2 2.2e+01 1 2 0 1 0 2 0 0 -1
4.9e+01 2 2.4e+01 1 2 0 1 0 2 0 0 -1
5.0e+01 2 0 1 2 0 1 0 2 0 0 -1
5.0e+01 2 2 1 2 0 1 0 2 0 0 -1
5.0e+01 2 4 1 2 0 1 0 2 0 0 -1
5.0e+01 2 6 1 2 0 1 0 2 0 0 -1
5.0e+01 2 8 1 2 0 1 0 2 0 0 -1
5.0e+01 2 1.0e+01 1 2 0 1 0 2 0 0 -1
5.0e+01 2 1.2e+01 1 2 0 1 0 2 0 0 -1
5.0e+01 2 1.4e+01 1 2 0 1 0 2 0 0 -1
5.0e+01 2 1.6e+01 1 2 0 1 0 2 0 0 -1
5.0e+01 2 1.8e+01 1 2 0 1 0 2 0 0 -1
5.0e+01 2 2.0e+01 1 2 0 1 0 2 0 0 -1
5.0e+01 2 2.2e+01 1 2 0 1 0 2 0 0 -1
5.0e+01 2 2.4e+01 1 2 0 1 0 2 0 0 -1
5.1e+01 2 2 1 2 0 1 0 2 0 0 -1
5.1e+01 2 4 1 2 0 1 0 2 0 0 -1
5.1e+01 2 6 1 2 0 1 0 2 0 0 -1
5.1e+01 2 8 1 2 0 1 0 2 0 0 -1
5.1e+01 2 1.0e+01 1 2 0 1 0 2 0 0 -1
5.1e+01 2 1.2e+01 1 2 0 1 0 2 0 0 -1
5.1e+01 2 1.4e+01 1 2 0 1 0 2 0 0 -1
5.1e+01 2 1.6e+01 1 2 0 1 0 2 0 0 -1
5.1e+01 2 1.8e+01 1 2 0 1 0 2 0 0 -1
5.1e+01 2 2.0e+01 1 2 0 1 0 2 0 0 -1
5.1e+01 2 2.2e+01 1 2 0 1 0 2 0 0 -1
5.1e+01 2 2.4e+01 1 2 0 1 0 2 0 0 -1
5.2e+01 2 0 1 2 0 1 0 2 0 0 -1
5.2e+01 2 2 1 2 0 1 0 2 0 0 -1
5.2e+01 2 4 1 2 0 1 0 2 0 0 -1
5.2e+01 2 6 1 2 0 1 0 2 0 0 -1
5.2e+01 2 8 1 2 0 1 0 2 0 0 -1
5.2e+01 2 1.0e+01 1 2 0 1 0 2 0 0 -1
5.2e+01 2 1.2e+01 1 2 0 1 0 2 0 0 -1
5.2e+01 2 1.4e+01 1 2 0 1 0 2 0 0 -1
5.2e+01 2 1.6e+01 1 2 0 1 0 2 0 0 -1
5.2e+01 2 1.8e+01 1 2 0 1 0 2 0 0 -1
5.2e+01 2 2.0e+01 1 2 0 1 0 2 0 0 -1
5.2e+01 2 2.2e+01 1 2 0 1 0 2 0 0 -1
5.2e+01 2 2.4e+01 1 2 0 1 0 2 0 0 -1
5.4e+01 2 0 1 2 0 1 0 2 0 0 -1
5.4e+01 2 2 1 2 0 1 0 2 0 0 -1
5.4e+01 2 4 1 2 0 1 0 2 0 0 -1
5.4e+01 2 6 1 2 0 1 0 2 0 0 -1
5.4e+01 2 8 1 2 0 1 0 2 0 0 -1
5.4e+01 2 1.0e+01 1 2 0 1 0 2 0 0 -1
5.4e+01 2 1.2e+01 1 2 0 1 0 2 0 0 -1
5.4e+01 2 1.4e+01 1 2 0 1 0 2 0 0 -1
5.4e+01 2 1.6e+01 1 2 0 1 0 2 0 0 -1
5.4e+01 2 1.8e+01 1 2 0 1 0 2 0 0 -1
5.4e+01 2 2.0e+01 1 2 0 1 0 2 0 0 -1
5.4e+01 2 2.2e+01 1 2 0 1 0 2 0 0 -1
5.4e+01 2 2.4e+01 1 2 0 1 0 2 0 0 -1
5.6e+01 2 0 1 2 0 1 0 2 0 0 -1
5.6e+01 2 2 1 2 0 1 0 2 0 0 -1
5.6e+01 2 4 1 2 0 1 0 2 0 0 -1
5.6e+01 2 6 1 2 0 1 0 2 0 0 -1
5.6e+01 2 8 1 2 0 1 0 2 0 0 -1
5.6e+01 2 1.0e+01 1 2 0 1 0 2 0 0 -1
5.6e+01 2 1.2e+01 1 2 0 1 0 2 0 0 -1
5.6e+01 2 1.4e+01 1 2 0 1 0 2 0 0 -1
5.6e+01 2 1.6e+01 1 2 0 1 0 2 0 0 -1
5.6e+01 2 1.8e+01 1 2 0 1 0 2 0 0 -1
5.6e+01 2 2.0e+01 1 2 0 1 0 2 0 0 -1
5.6e+01 2 2.2e+01 1 2 0 1 0 2 0 0 -1
5.6e+01 2 2.4e+01 1 2 0 1 0 2 0 0 -1
5.8e+01 2 0 1 2 0 1 0 2 0 0 -1
5.8e+01 2 2 1 2 0 1 0 2 0 0 -1
5.8e+01 2 4 1 2 0 1 0 2 0 0 -1
5.8e+01 2 6 1 2 0 1 0 2 0 0 -1
5.8e+01 2 8 1 2 0 1 0 2 0 0 -1
5.8e+01 2 1.0e+01 1 2 0 1 0 2 0 0 -1
5.8e+01 2 1.2e+01 1 2 0 1 0 2 0 0 -1
5.8e+01 2 1.4e+01 1 2 0 1 0 2 0 0 -1
5.8e+01 2 1.6e+01 1 2 0 1 0 2 0 0 -1
5.8e+01 2 1.8e+01 1 2 0 1 0 2 0 0 -1
5.8e+01 2 2.0e+01 1 2 0 1 0 2 0 0 -1
5.8e+01 2 2.2e+01 1 2 0 1 0 2 0 0 -1
5.8e+01 2 2.4e+01 1 2 0 1 0 2 0 0 -1
6.0e+01 2 0 1 2 0 1 0 2 0 0 -1
6.0e+01 2 2 1 2 0 1 0 2 0 0 -1
6.0e+01 2 4 1 2 0 1 0 2 0 0 -1
6.0e+01 2 6 1 2 0 1 0 2 0 0 -1
6.0e+01 2 8 1 2 0 1 0 2 0 0 -1
6.0e+01 2 1.0e+01 1 2 0 1 0 2 0 0 -1
6.0e+01 2 1.2e+01 1 2 0 1 0 2 0 0 -1
6.0e+01 2 1.4e+01 1 2 0 1 0 2 0 0 -1
6.0e+01 2 1.6e+01 1 2 0 1 0 2 0 0 -1
6.0e+01 2 1.8e+01 1 2 0 1 0 2 0 0 -1
6.0e+01 2 2.0e+01 1 2 0 1 0 2 0 0 -1
6.0e+01 2 2.2e+01 1 2 0 1 0 2 0 0 -1
6.0e+01 2 2.4e+01 1 2 0 1 0 2 0 0 -1
6.2e+01 2 0 1 2 0 1 0 2 0 0 -1
6.2e+01 2 2 1 2 0 1 0 2 0 0 -1
6.2e+01 2 4 1 2 0 1 0 2 0 0 -1
6.2e+01 2 6 1 2 0 1 0 2 0 0 -1
6.2e+01 2 8 1 2 0 1 0 2 0 0 -1
6.2e+01 2 1.0e+01 1 2 0 1 0 2 0 0 -1
6.2e+01 2 1.2e+01 1 2 0 1 0 2 0 0 -1
6.2e+01 2 1.4e+01 1 2 0 1 0 2 0 0 -1
6.2e+01 2 1.6e+01 1 2 0 1 0 2 0 0 -1
6.2e+01 2 1.8e+01 1 2 0 1 0 2 0 0 -1
6.2e+01 2 2.0e+01 1 2 0 1 0 2 0 0 -1
6.2e+01 2 2.2e+01 1 2 0 1 0 2 0 0 -1
6.2e+01 2 2.4e+01 1 2 0 1 0 2 0 0 -1
6.4e+01 2 0 1 2 0 1 0 2 0 0 -1
6.4e+01 2 2 1 2 0 1 0 2 0 0 -1
6.4e+01 2 4 1 2 0 1 0 2 0 0 -1
6.4e+01 2 6 1 2 0 1 0 2 0 0 -1
6.4e+01 2 8 1 2 0 1 0 2 0 0 -1
6.4e+01 2 1.0e+01 1 2 0 1 0 2 0 0 -1
6.4e+01 2 1.2e+01 1 2 0 1 0 2 0 0 -1
6.4e+01 2 1.4e+01 1 2 0 1 0 2 0 0 -1
6.4e+01 2 1.6e+01 1 2 0 1 0 2 0 0 -1
6.4e+01 2 1.8e+01 1 2 0 1 0 2 0 0 -1
6.4e+01 2 2.0e+01 1 2 0 1 0 2 0 0 -1
6.4e+01 2 2.2e+01 1 2 0 1 0 2 0 0 -1
6.4e+01 2 2.4e+01 1 2 0 1 0 2 0 0 -1
6.6e+01 2 0 1 2 0 1 0 2 0 0 -1
6.6e+01 2 2 1 2 0 1 0 2 0 0 -1
6.6e+01 2 4 1 2 0 1 0 2 0 0 -1
6.6e+01 2 6 1 2 0 1 0 2 0 0 -1
6.6e+01 2 8 1 2 0 1 0 2 0 0 -1
6.6e+01 2 1.0e+01 1 2 0 1 0 2 0 0 -1
6.6e+01 2 1.2e+01 1 2 0 1 0 2 0 0 -1
6.6e+01 2 1.4e+01 1 2 0 1 0 2 0 0 -1
6.6e+01 2 1.6e+01 1 2 0 1 0 2 0 0 -1
6.6e+01 2 1.8e+01 1 2 0 1 0 2 0 0 -1
6.6e+01 2 2.0e+01 1 2 0 1 0 2 0 0 -1
6.6e+01 2 2.2e+01 1 2 0 1 0 2 0 0 -1
6.6e+01 2 2.4e+01 1 2 0 1 0 2 0 0 -1
6.8e+01 2 0 1 2 0 1 0 2 0 0 -1
6.8e+01 2 2 1 2 0 1 0 2 0 0 -1
6.8e+01 2 4 1 2 0 1 0 2 0 0 -1
6.8e+01 2 6 1 2 0 1 0 2 0 0 -1
6.8e+01 2 8 1 2 0 1 0 2 0 0 -1
6.8e+01 2 1.0e+01 1 2 0 1 0 2 0 0 -1
6.8e+01 2 1.2e+01 1 2 0 1 0 2 0 0 -1
6.8e+01 2 1.4e+01 1 2 0 1 0 2 0 0 -1
6.8e+01 2 1.6e+01 1 2 0 1 0 2 0 0 -1
6.8e+01 2 1.8e+01 1 2 0 1 0 2 0 0 -1
6.8e+01 2 2.0e+01 1 2 0 1 0 2 0 0 -1
6.8e+01 2 2.2e+01 1 2 0 1 0 2 0 0 -1
6.8e+01 2 2.4e+01 1 2 0 1 0 2 0 0 -1
7.0e+01 2 0 1 2 0 1 0 2 0 0 -1
7.0e+01 2 2 1 2 0 1 0 2 0 0 -1
7.0e+01 2 4 1 2 0 1 0 2 0 0 -1
7.0e+01 2 6 1 2 0 1 0 2 0 0 -1
7.0e+01 2 8 1 2 0 1 0 2 0 0 -1
7.0e+01 2 1.0e+01 1 2 0 1 0 2 0 0 -1
7.0e+01 2 1.2e+01 1 2 0 1 0 2 0 0 -1
7.0e+01 2 1.4e+01 1 2 0 1 0 2 0 0 -1
7.0e+01 2 1.6e+01 1 2 0 1 0 2 0 0 -1
7.0e+01 2 1.8e+01 1 2 0 1 0 2 0 0 -1
7.0e+01 2 2.0e+01 1 2 0 1 0 2 0 0 -1
7.0e+01 2 2.2e+01 1 2 0 1 0 2 0 0 -1
7.0e+01 2 2.4e+01 1 2 0 1 0 2 0 0 -1
7.2e+01 2 0 1 2 0 1 0 2 0 0 -1
7.2e+01 2 2 1 2 0 1 0 2 0 0 -1
7.2e+01 2 4 1 2 0 1 0 2 0 0 -1
7.2e+01 2 6 1 2 0 1 0 2 0 0 -1
7.2e+01 2 8 1 2 0 1 0 2 0 0 -1
7.2e+01 2 1.0e+01 1 2 0 1 0 2 0 0 -1
7.2e+01 2 1.2e+01 1 2 0 1 0 2 0 0 -1
7.2e+01 2 1.4e+01 1 2 0 1 0 2 0 0 -1
7.2e+01 2 1.6e+01 1 2 0 1 0 2 0 0 -1
7.2e+01 2 1.8e+01 1 2 0 1 0 2 0 0 -1
7.2e+01 2 2.0e+01 1 2 0 1 0 2 0 0 -1
7.2e+01 2 2.2e+01 1 2 0 1 0 2 0 0 -1
7.2e+01 2 2.4e+01 1 2 0 1 0 2 0 0 -1
7.4e+01 2 0 1 2 0 1 0 2 0 0 -1
7.4e+01 2 2 1 2 0 1 0 2 0 0 -1
7.4e+01 2 4 1 2 0 1 0 2 0 0 -1
7.4e+01 2 6 1 2 0 1 0 2 0 0 -1
7.4e+01 2 8 1 2 0 1 0 2 0 0 -1
7.4e+01 2 1.0e+01 1 2 0 1 0 2 0 0 -1
7.4e+01 2 1.2e+01 1 2 0 1 0 2 0 0 -1
7.4e+01 2 1.4e+01 1 2 0 1 0 2 0 0 -1
7.4e+01 2 1.6e+01 1 2 0 1 0 2 0 0 -1
7.4e+01 2 1.8e+01 1 2 0 1 0 2 0 0 -1
7.4e+01 2 2.0e+01 1 2 0 1 0 2 0 0 -1
7.4e+01 2 2.2e+01 1 2 0 1 0 2 0 0 -1
7.4e+01 2 2.4e+01 1 2 0 1 0 2 0 0 -1
