-1.000000000000000000e+02 2.198544248704087113e-05
-9.960861056751467402e+01 2.217572877594859221e-05
-9.921722113502934803e+01 2.236857179631911478e-05
-9.882583170254403626e+01 2.256401887671396296e-05
-9.843444227005871028e+01 2.276211847492302793e-05
-9.804305283757338429e+01 2.296292021122061283e-05
-9.765166340508805831e+01 2.316647490279382556e-05
-9.726027397260274654e+01 2.337283459939152225e-05
-9.686888454011742056e+01 2.358205262024457610e-05
-9.647749510763209457e+01 2.379418359231020777e-05
-9.608610567514676859e+01 2.400928348989621037e-05
-9.569471624266144261e+01 2.422740967572326021e-05
-9.530332681017613083e+01 2.444862094348615060e-05
-9.491193737769080485e+01 2.467297756197842147e-05
-9.452054794520547887e+01 2.490054132084713103e-05
-9.412915851272015288e+01 2.513137557804845260e-05
-9.373776908023484111e+01 2.536554530907833742e-05
-9.334637964774951513e+01 2.560311715805556061e-05
-9.295499021526418915e+01 2.584415949073889907e-05
-9.256360078277886316e+01 2.608874215701268613e-05
-9.217221135029353718e+01 2.633693770763053120e-05
-9.178082191780822541e+01 2.658881972978816856e-05
-9.138943248532289942e+01 2.684446404775933109e-05
-9.099804305283757344e+01 2.710394850471859607e-05
-9.060665362035224746e+01 2.736735302932710940e-05
-9.021526418786692147e+01 2.763475970495380530e-05
-8.982387475538160970e+01 2.790625284165469070e-05
-8.943248532289628372e+01 2.818191905103900765e-05
-8.904109589041095774e+01 2.846184732415757196e-05
-8.864970645792563175e+01 2.874612911255677221e-05
-8.825831702544030577e+01 2.903485841264877044e-05
-8.786692759295499400e+01 2.932813185355723828e-05
-8.747553816046966801e+01 2.962604878860621569e-05
-8.708414872798434203e+01 2.992871139062945420e-05
-8.669275929549901605e+01 3.023622475128748635e-05
-8.630136986301370428e+01 3.054869698458975973e-05
-8.590998043052837829e+01 3.086623933483118151e-05
-8.551859099804305231e+01 3.118896628916341710e-05
-8.512720156555772633e+01 3.151699569503480555e-05
-8.473581213307241455e+01 3.185044888274602521e-05
-8.434442270058708857e+01 3.218945079338282627e-05
-8.395303326810176259e+01 3.253413011240304019e-05
-8.356164383561643660e+01 3.288461940917070234e-05
-8.317025440313111062e+01 3.324105528274915182e-05
-8.277886497064579885e+01 3.360357851428145910e-05
-8.238747553816047287e+01 3.397233422630902922e-05
-8.199608610567514688e+01 3.434747204939830363e-05
-8.160469667318982090e+01 3.472914629646993250e-05
-8.121330724070449492e+01 3.511751614524870248e-05
-8.082191780821918314e+01 3.551274582927858045e-05
-8.043052837573385716e+01 3.591500483797486684e-05
-8.003913894324853118e+01 3.632446812621680643e-05
-7.964774951076320519e+01 3.674131633401470049e-05
-7.925636007827787921e+01 3.716573601682099089e-05
-7.886497064579256744e+01 3.759791988709154084e-05
-7.847358121330724146e+01 3.803806706774321566e-05
-7.808219178082191547e+01 3.848638335819675355e-05
-7.769080234833660370e+01 3.894308151373965634e-05
-7.729941291585126351e+01 3.940838153899356802e-05
-7.690802348336595173e+01 3.988251099632335507e-05
-7.651663405088062575e+01 4.036570533008400883e-05
-7.612524461839529977e+01 4.085820820765999643e-05
-7.573385518590998799e+01 4.136027187832305420e-05
-7.534246575342466201e+01 4.187215767213802245e-05
-7.495107632093933603e+01 4.239413592659608382e-05
-7.455968688845401005e+01 4.292648709441027283e-05
-7.416829745596868406e+01 4.346950173757219122e-05
-7.377690802348337229e+01 4.402348110273112818e-05
-7.338551859099804631e+01 4.458873761291280691e-05
-7.299412915851272032e+01 4.516559538659427325e-05
-7.260273972602739434e+01 4.575439078592879295e-05
-7.221135029354206836e+01 4.635547299604758816e-05
-7.181996086105675658e+01 4.696920463751455874e-05
-7.142857142857143060e+01 4.759596241416906429e-05
-7.103718199608610462e+01 4.823613779876555240e-05
-7.064579256360077864e+01 4.889013775900931987e-05
-7.025440313111545265e+01 4.955838552679303453e-05
-6.986301369863014088e+01 5.024132141366372575e-05
-6.947162426614481490e+01 5.093940367579572013e-05
-6.908023483365948891e+01 5.165310943201268821e-05
-6.868884540117417714e+01 5.238293563869507550e-05
-6.829745596868883695e+01 5.312940012572936254e-05
-6.790606653620352517e+01 5.389304269800667736e-05
-6.751467710371819919e+01 5.467442630736328330e-05
-6.712328767123287321e+01 5.547413830027650894e-05
-6.673189823874756144e+01 5.629279174709323017e-05
-6.634050880626222124e+01 5.713102685907803712e-05
-6.594911937377690947e+01 5.798951250012688744e-05
-6.555772994129158349e+01 5.886894780061040873e-05
-6.516634050880625750e+01 5.977006388149082793e-05
-6.477495107632094573e+01 6.069362569760705135e-05
-6.438356164383561975e+01 6.164043546856736019e-05
-6.399217221135029376e+01 6.261132910124155276e-05
-6.360078277886496778e+01 6.360718678518962655e-05
-6.320939334637964890e+01 6.462892998963379657e-05
-6.281800391389432292e+01 6.567752539660286670e-05
-6.242661448140900404e+01 6.675398769932428173e-05
-6.203522504892367806e+01 6.785938261103554832e-05
-6.164383561643835918e+01 6.899483010291157666e-05
-6.125244618395303320e+01 7.016150789172632377e-05
-6.086105675146770722e+01 7.136065520001573731e-05
-6.046966731898238834e+01 7.259357681391033035e-05
-6.007827788649706235e+01 7.386164746649860450e-05
-5.968688845401174348e+01 7.516631657759967062e-05
-5.929549902152641749e+01 7.650911338421824241e-05
-5.890410958904109862e+01 7.789165249976913105e-05
-5.851272015655577263e+01 7.931563994446174314e-05
-5.812133072407044665e+01 8.078287969408999277e-05
-5.772994129158512777e+01 8.229528079996014484e-05
-5.733855185909980179e+01 8.385486805847700139e-05
-5.694716242661448291e+01 8.546377915977583408e-05
-5.655577299412915693e+01 8.712429033622221485e-05
-5.616438356164383805e+01 8.883881579132096276e-05
-5.577299412915851207e+01 9.060992130409343940e-05
-5.538160469667319319e+01 9.244033629802015522e-05
-5.499021526418786721e+01 9.433296708140785137e-05
-5.459882583170254122e+01 9.629091139391006329e-05
-5.420743639921722234e+01 9.831747441191982417e-05
-5.381604696673189636e+01 1.004161863862769590e-04
-5.342465753424657748e+01 1.025908221096755749e-04
-5.303326810176125150e+01 1.048454224388821368e-04
-5.264187866927593262e+01 1.071843181290408064e-04
-5.225048923679060664e+01 1.096121562747794467e-04
-5.185909980430528066e+01 1.121339320043129916e-04
-5.146771037181996178e+01 1.147550124582507615e-04
-5.107632093933463580e+01 1.174811857862371659e-04
-5.068493150684931692e+01 1.203186939948107381e-04
-5.029354207436399093e+01 1.232742805730103401e-04
-4.990215264187867206e+01 1.263552418171449271e-04
-4.951076320939334607e+01 1.295694845816016576e-04
-4.911937377690802009e+01 1.329255914125827170e-04
-4.872798434442270121e+01 1.364328941877216133e-04
-4.833659491193737523e+01 1.401015560771938463e-04
-4.794520547945205635e+01 1.439426724908779919e-04
-4.755381604696673037e+01 1.479683700444359878e-04
-4.716242661448141149e+01 1.521919361680841684e-04
-4.677103718199608551e+01 1.566279592236857006e-04
-4.637964774951076663e+01 1.612924913570854717e-04
-4.598825831702544065e+01 1.662032363798771734e-04
-4.559686888454011466e+01 1.713797672746248714e-04
-4.520547945205479579e+01 1.768437771838925600e-04
-4.481409001956946980e+01 1.826193812371926608e-04
-4.442270058708415092e+01 1.887334509364445810e-04
-4.403131115459882494e+01 1.952160271122921570e-04
-4.363992172211350606e+01 2.021007974345850867e-04
-4.324853228962818008e+01 2.094256702408078493e-04
-4.285714285714285410e+01 2.172334341596208237e-04
-4.246575342465753522e+01 2.255725969871160471e-04
-4.207436399217220924e+01 2.344983495846216437e-04
-4.168297455968689036e+01 2.440737580450975919e-04
-4.129158512720156438e+01 2.543712269639557483e-04
-4.090019569471624550e+01 2.654742330076294938e-04
-4.050880626223091951e+01 2.774795954987892949e-04
-4.011741682974559353e+01 2.905001834858348840e-04
-3.972602739726027465e+01 3.046683921148723821e-04
-3.933463796477494867e+01 3.201404881502415366e-04
-3.894324853228962979e+01 3.371022763687674291e-04
-3.855185909980430381e+01 3.557763415386751391e-04
-3.816046966731898493e+01 3.764315595666778663e-04
-3.776908023483365895e+01 3.993957363936309493e-04
-3.737769080234834007e+01 4.250725345773409699e-04
-3.698630136986301409e+01 4.539646632479834502e-04
-3.659491193737768810e+01 4.867059109165977225e-04
-3.620352250489236923e+01 5.241066253067032128e-04
-3.581213307240705035e+01 5.672192109013774082e-04
-3.542074363992172437e+01 6.174350494986531688e-04
-3.502935420743639838e+01 6.766316557497417455e-04
-3.463796477495107240e+01 7.474032193679872082e-04
-3.424657534246574642e+01 8.334350791993882504e-04
-3.385518590998043464e+01 9.401382840535886781e-04
-3.346379647749510866e+01 1.075781025904247326e-03
-3.307240704500978268e+01 1.253630777960575452e-03
-3.268101761252445669e+01 1.496338540204996022e-03
-3.228962818003914492e+01 1.845924520411623823e-03
-3.189823874755381894e+01 2.389329696550578433e-03
-3.150684931506849296e+01 3.334482113598409916e-03
-3.111545988258316697e+01 5.303291174549760838e-03
-3.072407045009784099e+01 1.079031622278588121e-02
-3.033268101761252922e+01 2.998061427126800724e-02
-2.994129158512720323e+01 5.112057915027996835e-02
-2.954990215264187725e+01 5.248731636319992067e-02
-2.915851272015655127e+01 5.253843629648901475e-02
-2.876712328767123950e+01 5.217032327152054672e-02
-2.837573385518591351e+01 5.162212665624511809e-02
-2.798434442270058753e+01 5.100462538263848128e-02
-2.759295499021526155e+01 5.036529410793419426e-02
-2.720156555772993556e+01 4.972639035266650936e-02
-2.681017612524462379e+01 4.909954343214954775e-02
-2.641878669275929781e+01 4.849102519287474405e-02
-2.602739726027397182e+01 4.790369147615983897e-02
-2.563600782778864584e+01 4.733926274791960820e-02
-2.524461839530331986e+01 4.679777528961474864e-02
-2.485322896281800809e+01 4.627944644459378726e-02
-2.446183953033268210e+01 4.578391326844465092e-02
-2.407045009784735612e+01 4.531074616023024471e-02
-2.367906066536203014e+01 4.485930651904923572e-02
-2.328767123287671836e+01 4.442907250155094662e-02
-2.289628180039139238e+01 4.401958675026058920e-02
-2.250489236790606640e+01 4.363048412706116430e-02
-2.211350293542074041e+01 4.326132453661422905e-02
-2.172211350293541443e+01 4.291187026710134578e-02
-2.133072407045010266e+01 4.258197754166098692e-02
-2.093933463796477668e+01 4.227147280518687295e-02
-2.054794520547945069e+01 4.198071144650403902e-02
-2.015655577299412471e+01 4.170974204886426784e-02
-1.976516634050881294e+01 4.145903562551302157e-02
-1.937377690802348695e+01 4.122907380150345885e-02
-1.898238747553816097e+01 4.102084806576106191e-02
-1.859099804305283499e+01 4.083537654755457769e-02
-1.819960861056750900e+01 4.067387291329340598e-02
-1.780821917808219723e+01 4.053840269873422442e-02
-1.741682974559687125e+01 4.043092771729525636e-02
-1.702544031311154527e+01 4.035435463071603002e-02
-1.663405088062621928e+01 4.031211561587897535e-02
-1.624266144814089330e+01 4.030901310737514814e-02
-1.585127201565558153e+01 4.035058789074855851e-02
-1.545988258317025554e+01 4.044451242961223658e-02
-1.506849315068492956e+01 4.060073705887418810e-02
-1.467710371819960358e+01 4.083344101417094030e-02
-1.428571428571429180e+01 4.116080788336255736e-02
-1.389432485322896582e+01 4.160240971150842154e-02
-1.350293542074363984e+01 4.218509000885575788e-02
-1.311154598825831386e+01 4.298533754781309890e-02
-1.272015655577298787e+01 4.424506338559316965e-02
-1.232876712328767610e+01 4.654934641650801397e-02
-1.193737769080235012e+01 5.058126525134478552e-02
-1.154598825831702413e+01 5.415047982991579717e-02
-1.115459882583169815e+01 5.192200276346144172e-02
-1.076320939334638638e+01 4.721344674410906522e-02
-1.037181996086106039e+01 4.330331996354810919e-02
-9.980430528375734411e+00 4.024663777167605816e-02
-9.589041095890408428e+00 3.776664804756768579e-02
-9.197651663405082445e+00 3.568163462974497518e-02
-8.806262230919770673e+00 3.390077893586815327e-02
-8.414872798434444690e+00 3.240661344318837567e-02
-8.023483365949118706e+00 3.123667604967201791e-02
-7.632093933463792723e+00 3.037718654376950905e-02
-7.240704500978466740e+00 2.921331336988220242e-02
-6.849315068493154968e+00 2.501926501544315257e-02
-6.457925636007828984e+00 1.790372354342685893e-02
-6.066536203522503001e+00 1.466261580672227269e-02
-5.675146771037177018e+00 1.781364258839585740e-02
-5.283757338551865246e+00 3.306897560114945706e-02
-4.892367906066539263e+00 6.118371246816546594e-02
-4.500978473581213279e+00 7.220288160783777665e-02
-4.109589041095887296e+00 7.692663603390245686e-02
-3.718199608610561313e+00 8.077474350737540165e-02
-3.326810176125249541e+00 8.461178697926738379e-02
-2.935420743639923558e+00 8.881489215795666803e-02
-2.544031311154597574e+00 9.363415738712724257e-02
-2.152641878669271591e+00 9.937025348157338400e-02
-1.761252446183959819e+00 1.064857892522187016e-01
-1.369863013698633836e+00 1.158033088539352218e-01
-9.784735812133078525e-01 1.290529540402265141e-01
-5.870841487279818693e-01 1.502152027576870996e-01
-1.956947162426558862e-01 1.588729399059139458e-01
1.956947162426558862e-01 1.394700950956822560e-01
5.870841487279818693e-01 1.261754223292163024e-01
9.784735812133078525e-01 1.211960474584933140e-01
1.369863013698633836e+00 1.203912221275231231e-01
1.761252446183959819e+00 1.176766807150618349e-01
2.152641878669271591e+00 1.137883479906343365e-01
2.544031311154597574e+00 1.104026102372144547e-01
2.935420743639923558e+00 1.077620349520696796e-01
3.326810176125249541e+00 1.057500671983719609e-01
3.718199608610561313e+00 1.042333356589285331e-01
4.109589041095887296e+00 1.031071761316761648e-01
4.500978473581213279e+00 1.022331994680274886e-01
4.892367906066539263e+00 1.014676666695404905e-01
5.283757338551865246e+00 9.600454221498644358e-02
5.675146771037177018e+00 6.840398535597780327e-02
6.066536203522503001e+00 5.480851282387363271e-02
6.457925636007828984e+00 4.662922661858293072e-02
6.849315068493154968e+00 4.118753062299702200e-02
7.240704500978466740e+00 3.799938189864476845e-02
7.632093933463792723e+00 3.601596418403779643e-02
8.023483365949118706e+00 3.461067330342462028e-02
8.414872798434444690e+00 3.350297178151231958e-02
8.806262230919770673e+00 3.258224335677353117e-02
9.197651663405082445e+00 3.179990630504249405e-02
9.589041095890408428e+00 3.112669176684168884e-02
9.980430528375734411e+00 3.054029576336623683e-02
1.037181996086106039e+01 3.002333471313439403e-02
1.076320939334638638e+01 2.956219102156429357e-02
1.115459882583169815e+01 2.914665482181662617e-02
1.154598825831702413e+01 2.876926054173955388e-02
1.193737769080235012e+01 2.842424450552483856e-02
1.232876712328767610e+01 2.810661300399553558e-02
1.272015655577298787e+01 2.781261534608180097e-02
1.311154598825831386e+01 2.753923337908406599e-02
1.350293542074363984e+01 2.728381096226952657e-02
1.389432485322896582e+01 2.704413629909268452e-02
1.428571428571429180e+01 2.681835109840242926e-02
1.467710371819960358e+01 2.660507081188972361e-02
1.506849315068492956e+01 2.640293691970595907e-02
1.545988258317025554e+01 2.621073924367122929e-02
1.585127201565558153e+01 2.602756267130652834e-02
1.624266144814089330e+01 2.585251097702998685e-02
1.663405088062621928e+01 2.568493834573358503e-02
1.702544031311154527e+01 2.552411162455230781e-02
1.741682974559687125e+01 2.536946575567766704e-02
1.780821917808219723e+01 2.522053813777636738e-02
1.819960861056750900e+01 2.507685844564596506e-02
1.859099804305283499e+01 2.493802136268192041e-02
1.898238747553816097e+01 2.480362437020822500e-02
1.937377690802348695e+01 2.467338216978375715e-02
1.976516634050881294e+01 2.454703732045161735e-02
2.015655577299412471e+01 2.442430765330569006e-02
2.054794520547945069e+01 2.430493789460181145e-02
2.093933463796477668e+01 2.418867766284533288e-02
2.133072407045010266e+01 2.407537947015202934e-02
2.172211350293541443e+01 2.396488744580385286e-02
2.211350293542074041e+01 2.385699421818444563e-02
2.250489236790606640e+01 2.375151041655798254e-02
2.289628180039139238e+01 2.364840349277677958e-02
2.328767123287671836e+01 2.354745690787567181e-02
2.367906066536203014e+01 2.344855215333999793e-02
2.407045009784735612e+01 2.335168884687418081e-02
2.446183953033268210e+01 2.325661195395284375e-02
2.485322896281800809e+01 2.316333023936010746e-02
2.524461839530331986e+01 2.307169978057154250e-02
2.563600782778864584e+01 2.298162796161911867e-02
2.602739726027397182e+01 2.289315617066703737e-02
2.641878669275929781e+01 2.280596982099771658e-02
2.681017612524462379e+01 2.272020594548393793e-02
2.720156555772993556e+01 2.263575496741793494e-02
2.759295499021526155e+01 2.255248982529070578e-02
2.798434442270058753e+01 2.247041409494567737e-02
2.837573385518589930e+01 2.238941584187464570e-02
2.876712328767123950e+01 2.230948928615298504e-02
2.915851272015655127e+01 2.223049318381653192e-02
2.954990215264189146e+01 2.215252161324108432e-02
2.994129158512720323e+01 2.207530099920016961e-02
3.033268101761251501e+01 2.199895098238371233e-02
3.072407045009785520e+01 2.192338613239303360e-02
3.111545988258316697e+01 2.184835101399878673e-02
3.150684931506850717e+01 2.177410838280910768e-02
3.189823874755381894e+01 2.170033993708964451e-02
3.228962818003913071e+01 2.162720672182038770e-02
3.268101761252447091e+01 2.155429378546909122e-02
3.307240704500978268e+01 2.148185613924148002e-02
3.346379647749509445e+01 2.140951155862868410e-02
3.385518590998043464e+01 2.133737628098935149e-02
3.424657534246574642e+01 2.126510424751839115e-02
3.463796477495108661e+01 2.119287066661998745e-02
3.502935420743639838e+01 2.112029175309138723e-02
3.542074363992171016e+01 2.104706767326397499e-02
3.581213307240705035e+01 2.097300179132560033e-02
3.620352250489236212e+01 2.089802907206377361e-02
3.659491193737770232e+01 2.082138159472421077e-02
3.698630136986301409e+01 2.074268719290358470e-02
3.737769080234832586e+01 2.066105007506707433e-02
3.776908023483366605e+01 2.057573411714728670e-02
3.816046966731897783e+01 2.048535001724042029e-02
3.855185909980431802e+01 2.038773877211521451e-02
3.894324853228962979e+01 2.027994192893173286e-02
3.933463796477494157e+01 2.015780828224307542e-02
3.972602739726028176e+01 2.000322262212411370e-02
4.011741682974559353e+01 1.980631596414947695e-02
4.050880626223093373e+01 1.975727922757285204e-02
4.090019569471624550e+01 1.963176986650850067e-02
4.129158512720155727e+01 1.440780631570245419e-02
4.168297455968689746e+01 6.531561131511164769e-03
4.207436399217220924e+01 3.095093806976400783e-03
4.246575342465752101e+01 1.816717451445637845e-03
4.285714285714286120e+01 1.245179558667363576e-03
4.324853228962817298e+01 9.398411960246678140e-04
4.363992172211351317e+01 7.538691905417597809e-04
4.403131115459882494e+01 6.297374345947104844e-04
4.442270058708413671e+01 5.412542113453271088e-04
4.481409001956947691e+01 4.750540893814564824e-04
4.520547945205478868e+01 4.236643595421626181e-04
4.559686888454012887e+01 3.826012083510608422e-04
4.598825831702544065e+01 3.490185528814119696e-04
4.637964774951075242e+01 3.210258838044271687e-04
4.677103718199609261e+01 2.973197306132211717e-04
4.716242661448140439e+01 2.769727786760588575e-04
4.755381604696674458e+01 2.593075319813380663e-04
4.794520547945205635e+01 2.438175879540004142e-04
4.833659491193736812e+01 2.301169639348659454e-04
4.872798434442270832e+01 2.179061770696543463e-04
4.911937377690802009e+01 2.069494478874495406e-04
4.951076320939336028e+01 1.970584905936439252e-04
4.990215264187867206e+01 1.880811752273438828e-04
5.029354207436398383e+01 1.798932487995219261e-04
5.068493150684932402e+01 1.723921733901104822e-04
5.107632093933463580e+01 1.654925958744921306e-04
5.146771037181994757e+01 1.591229057947838091e-04
5.185909980430528776e+01 1.532225235723819873e-04
5.225048923679059953e+01 1.477398709076068037e-04
5.264187866927593973e+01 1.426307792183536952e-04
5.303326810176125150e+01 1.378571487192769294e-04
5.342465753424656327e+01 1.333859708782543084e-04
5.381604696673190347e+01 1.291884926275546316e-04
5.420743639921721524e+01 1.252395445910142366e-04
5.459882583170255543e+01 1.215170124464923592e-04
5.499021526418786721e+01 1.180013602960653188e-04
5.538160469667317898e+01 1.146752795395420359e-04
5.577299412915851917e+01 1.115233738914047035e-04
5.616438356164383094e+01 1.085318974830934121e-04
5.655577299412917114e+01 1.056885500148233541e-04
5.694716242661448291e+01 1.029822716229024311e-04
5.733855185909979468e+01 1.004031016425868379e-04
5.772994129158513488e+01 9.794204093536838145e-05
5.812133072407044665e+01 9.559093754936202317e-05
5.851272015655578684e+01 9.334238837651827098e-05
5.890410958904109862e+01 9.118965425142188904e-05
5.929549902152641039e+01 8.912658382919256476e-05
5.968688845401175058e+01 8.714756041662097101e-05
6.007827788649706235e+01 8.524742912529792373e-05
6.046966731898237413e+01 8.342146016312711209e-05
6.086105675146771432e+01 8.166530277907325540e-05
6.125244618395302609e+01 7.997494758594622297e-05
6.164383561643836629e+01 7.834669331461654508e-05
6.203522504892367806e+01 7.677711740180926249e-05
6.242661448140898983e+01 7.526304990414470100e-05
6.281800391389433003e+01 7.380154823747723288e-05
6.320939334637964180e+01 7.238988514689183220e-05
6.360078277886498199e+01 7.102551668845739181e-05
6.399217221135029376e+01 6.970607521295805380e-05
6.438356164383560554e+01 6.842935203882344461e-05
6.477495107632094573e+01 6.719328413860482124e-05
6.516634050880625750e+01 6.599594215155999593e-05
6.555772994129159770e+01 6.483551957018854784e-05
6.594911937377690947e+01 6.371032296822770787e-05
6.634050880626222124e+01 6.261876315446279003e-05
6.673189823874756144e+01 6.155934715118752793e-05
6.712328767123287321e+01 6.053067090860955670e-05
6.751467710371821340e+01 5.953141267726277410e-05
6.790606653620352517e+01 5.856032592175614481e-05
6.829745596868883695e+01 5.761623816549071175e-05
6.868884540117417714e+01 5.669803915667181326e-05
6.908023483365948891e+01 5.580468099621279971e-05
6.947162426614480069e+01 5.493517267648360757e-05
6.986301369863014088e+01 5.408857620957494857e-05
7.025440313111545265e+01 5.326400307069295489e-05
7.064579256360079285e+01 5.246061092699226574e-05
7.103718199608610462e+01 5.167760062532062457e-05
7.142857142857141639e+01 5.091421341513540456e-05
7.181996086105675658e+01 5.016972838531857931e-05
7.221135029354206836e+01 4.944346009579286599e-05
7.260273972602740855e+01 4.873475638677265124e-05
7.299412915851272032e+01 4.804299635019953417e-05
7.338551859099803210e+01 4.736758844943008881e-05
7.377690802348337229e+01 4.670796877460440659e-05
7.416829745596868406e+01 4.606359942232963935e-05
7.455968688845402426e+01 4.543396698939262886e-05
7.495107632093933603e+01 4.481858117118243078e-05
7.534246575342464780e+01 4.421697312489403887e-05
7.573385518590998799e+01 4.362869563043201730e-05
7.612524461839529977e+01 4.305331980364204662e-05
7.651663405088063996e+01 4.249043553354730509e-05
7.690802348336595173e+01 4.193965009991986641e-05
7.729941291585126351e+01 4.140058724692978487e-05
7.769080234833660370e+01 4.087288631609730158e-05
7.808219178082191547e+01 4.035620143413111888e-05
7.847358121330722724e+01 3.985020075160796376e-05
7.886497064579256744e+01 3.935456572878921646e-05
7.925636007827787921e+01 3.886899046517543373e-05
7.964774951076321940e+01 3.839318106968016758e-05
8.003913894324853118e+01 3.792685506855571740e-05
8.043052837573384295e+01 3.746974084843451657e-05
8.082191780821918314e+01 3.702157713205974314e-05
8.121330724070449492e+01 3.658211248446839814e-05
8.160469667318983511e+01 3.615110484756506467e-05
8.199608610567514688e+01 3.572832110118387135e-05
8.238747553816045865e+01 3.531353664887987401e-05
8.277886497064579885e+01 3.490653502682577504e-05
8.317025440313111062e+01 3.450710753431049003e-05
8.356164383561645081e+01 3.411505288444675513e-05
8.395303326810176259e+01 3.373017687379995281e-05
8.434442270058707436e+01 3.335229206973996366e-05
8.473581213307241455e+01 3.298121751440814543e-05
8.512720156555772633e+01 3.261677844426803103e-05
8.551859099804306652e+01 3.225880602428182569e-05
8.590998043052837829e+01 3.190713684324979655e-05
8.630136986301369006e+01 3.156161371271650189e-05
8.669275929549903026e+01 3.122208383820073883e-05
8.708414872798434203e+01 3.088839970335309081e-05
8.747553816046965380e+01 3.056041858146266892e-05
8.786692759295499400e+01 3.023800234069732202e-05
8.825831702544030577e+01 2.992101725887985213e-05
8.864970645792564596e+01 2.960933384725388887e-05
8.904109589041095774e+01 2.930282668273081670e-05
8.943248532289626951e+01 2.900137424814009293e-05
8.982387475538160970e+01 2.870485878003693932e-05
9.021526418786692147e+01 2.841316612364982013e-05
9.060665362035226167e+01 2.812618559457584201e-05
9.099804305283757344e+01 2.784380984685762219e-05
9.138943248532288521e+01 2.756593474709705870e-05
9.178082191780822541e+01 2.729245925428338822e-05
9.217221135029353718e+01 2.702328530503224618e-05
9.256360078277887737e+01 2.675831770395061454e-05
9.295499021526418915e+01 2.649746401886073679e-05
9.334637964774950092e+01 2.624063448063007276e-05
9.373776908023484111e+01 2.598774188737185532e-05
9.412915851272015288e+01 2.573870151279238845e-05
9.452054794520549308e+01 2.549343101847526279e-05
9.491193737769080485e+01 2.525185036990562504e-05
9.530332681017611662e+01 2.501388175604658831e-05
9.569471624266145682e+01 2.477944951229349809e-05
9.608610567514676859e+01 2.454848004663940180e-05
9.647749510763208036e+01 2.432090176889523759e-05
9.686888454011742056e+01 2.409664502281704700e-05
9.726027397260273233e+01 2.387564202100114224e-05
9.765166340508807252e+01 2.365782678241396263e-05
9.804305283757338429e+01 2.344313507243332958e-05
9.843444227005869607e+01 2.323150434528211897e-05
9.882583170254403626e+01 2.302287368874306780e-05
9.921722113502934803e+01 2.281718377104900884e-05
9.960861056751468823e+01 2.261437678984830544e-05
1.000000000000000000e+02 2.241439642315087977e-05
