-1.000000000000000000e+02 1.731260325331802757e-08
-9.960861056751467402e+01 1.731659129822377115e-08
-9.921722113502934803e+01 1.732058072132418719e-08
-9.882583170254403626e+01 1.732457152325437836e-08
-9.843444227005871028e+01 1.732856370464987082e-08
-9.804305283757338429e+01 1.733255726614649516e-08
-9.765166340508805831e+01 1.733655220838049553e-08
-9.726027397260274654e+01 1.734054853198845691e-08
-9.686888454011742056e+01 1.734454623760733814e-08
-9.647749510763209457e+01 1.734854532587449181e-08
-9.608610567514676859e+01 1.735254579742758815e-08
-9.569471624266144261e+01 1.735654765290467458e-08
-9.530332681017613083e+01 1.736055089294422533e-08
-9.491193737769080485e+01 1.736455551818501245e-08
-9.452054794520547887e+01 1.736856152926619178e-08
-9.412915851272015288e+01 1.737256892682733273e-08
-9.373776908023484111e+01 1.737657771150830916e-08
-9.334637964774951513e+01 1.738058788394942172e-08
-9.295499021526418915e+01 1.738459944479128871e-08
-9.256360078277886316e+01 1.738861239467493871e-08
-9.217221135029353718e+01 1.739262673424175101e-08
-9.178082191780822541e+01 1.739664246413348212e-08
-9.138943248532289942e+01 1.740065958499225581e-08
-9.099804305283757344e+01 1.740467809746055317e-08
-9.060665362035224746e+01 1.740869800218127223e-08
-9.021526418786692147e+01 1.741271929979761869e-08
-8.982387475538160970e+01 1.741674199095321848e-08
-8.943248532289628372e+01 1.742076607629203833e-08
-8.904109589041095774e+01 1.742479155645845194e-08
-8.864970645792563175e+01 1.742881843209715725e-08
-8.825831702544030577e+01 1.743284670385328235e-08
-8.786692759295499400e+01 1.743687637237225973e-08
-8.747553816046966801e+01 1.744090743829996525e-08
-8.708414872798434203e+01 1.744493990228260894e-08
-8.669275929549901605e+01 1.744897376496676481e-08
-8.630136986301370428e+01 1.745300902699941051e-08
-8.590998043052837829e+01 1.745704568902789760e-08
-8.551859099804305231e+01 1.746108375169991510e-08
-8.512720156555772633e+01 1.746512321566355572e-08
-8.473581213307241455e+01 1.746916408156728606e-08
-8.434442270058708857e+01 1.747320635005993333e-08
-8.395303326810176259e+01 1.747725002179074500e-08
-8.356164383561643660e+01 1.748129509740925967e-08
-8.317025440313111062e+01 1.748534157756547587e-08
-8.277886497064579885e+01 1.748938946290970975e-08
-8.238747553816047287e+01 1.749343875409271094e-08
-8.199608610567514688e+01 1.749748945176554336e-08
-8.160469667318982090e+01 1.750154155657968784e-08
-8.121330724070449492e+01 1.750559506918701233e-08
-8.082191780821918314e+01 1.750964999023970906e-08
-8.043052837573385716e+01 1.751370632039039042e-08
-8.003913894324853118e+01 1.751776406029205265e-08
-7.964774951076320519e+01 1.752182321059803609e-08
-7.925636007827787921e+01 1.752588377196211120e-08
-7.886497064579256744e+01 1.752994574503835947e-08
-7.847358121330724146e+01 1.753400913048128591e-08
-7.808219178082191547e+01 1.753807392894576280e-08
-7.769080234833660370e+01 1.754214014108706275e-08
-7.729941291585126351e+01 1.754620776756080912e-08
-7.690802348336595173e+01 1.755027680902302894e-08
-7.651663405088062575e+01 1.755434726613010325e-08
-7.612524461839529977e+01 1.755841913953879691e-08
-7.573385518590998799e+01 1.756249242990629169e-08
-7.534246575342466201e+01 1.756656713789010353e-08
-7.495107632093933603e+01 1.757064326414818512e-08
-7.455968688845401005e+01 1.757472080933880680e-08
-7.416829745596868406e+01 1.757879977412066571e-08
-7.377690802348337229e+01 1.758288015915281637e-08
-7.338551859099804631e+01 1.758696196509472686e-08
-7.299412915851272032e+01 1.759104519260620276e-08
-7.260273972602739434e+01 1.759512984234748970e-08
-7.221135029354206836e+01 1.759921591497914765e-08
-7.181996086105675658e+01 1.760330341116218989e-08
-7.142857142857143060e+01 1.760739233155797046e-08
-7.103718199608610462e+01 1.761148267682823386e-08
-7.064579256360077864e+01 1.761557444763511169e-08
-7.025440313111545265e+01 1.761966764464114586e-08
-6.986301369863014088e+01 1.762376226850919919e-08
-6.947162426614481490e+01 1.762785831990258121e-08
-6.908023483365948891e+01 1.763195579948496870e-08
-6.868884540117417714e+01 1.763605470792041894e-08
-6.829745596868883695e+01 1.764015504587338958e-08
-6.790606653620352517e+01 1.764425681400868898e-08
-6.751467710371819919e+01 1.764836001299154572e-08
-6.712328767123287321e+01 1.765246464348756226e-08
-6.673189823874756144e+01 1.765657070616273811e-08
-6.634050880626222124e+01 1.766067820168344666e-08
-6.594911937377690947e+01 1.766478713071644842e-08
-6.555772994129158349e+01 1.766889749392891750e-08
-6.516634050880625750e+01 1.767300929198838865e-08
-6.477495107632094573e+01 1.767712252556278043e-08
-6.438356164383561975e+01 1.768123719532043494e-08
-6.399217221135029376e+01 1.768535330193003835e-08
-6.360078277886496778e+01 1.768947084606072354e-08
-6.320939334637964890e+01 1.769358982838193771e-08
-6.281800391389432292e+01 1.769771024956358795e-08
-6.242661448140900404e+01 1.770183211027592880e-08
-6.203522504892367806e+01 1.770595541118963168e-08
-6.164383561643835918e+01 1.771008015297572204e-08
-6.125244618395303320e+01 1.771420633630565878e-08
-6.086105675146770722e+01 1.771833396185127801e-08
-6.046966731898238834e+01 1.772246303028479299e-08
-6.007827788649706235e+01 1.772659354227880085e-08
-5.968688845401174348e+01 1.773072549850633542e-08
-5.929549902152641749e+01 1.773485889964079451e-08
-5.890410958904109862e+01 1.773899374635594983e-08
-5.851272015655577263e+01 1.774313003932599658e-08
-5.812133072407044665e+01 1.774726777922550718e-08
-5.772994129158512777e+01 1.775140696672945107e-08
-5.733855185909980179e+01 1.775554760251320468e-08
-5.694716242661448291e+01 1.775968968725251171e-08
-5.655577299412915693e+01 1.776383322162353276e-08
-5.616438356164383805e+01 1.776797820630282214e-08
-5.577299412915851207e+01 1.777212464196730147e-08
-5.538160469667319319e+01 1.777627252929429931e-08
-5.499021526418786721e+01 1.778042186896158099e-08
-5.459882583170254122e+01 1.778457266164725925e-08
-5.420743639921722234e+01 1.778872490802984719e-08
-5.381604696673189636e+01 1.779287860878827480e-08
-5.342465753424657748e+01 1.779703376460184595e-08
-5.303326810176125150e+01 1.780119037615028474e-08
-5.264187866927593262e+01 1.780534844411369907e-08
-5.225048923679060664e+01 1.780950796917259389e-08
-5.185909980430528066e+01 1.781366895200788110e-08
-5.146771037181996178e+01 1.781783139330083329e-08
-5.107632093933463580e+01 1.782199529373317631e-08
-5.068493150684931692e+01 1.782616065398699338e-08
-5.029354207436399093e+01 1.783032747474481438e-08
-4.990215264187867206e+01 1.783449575668948683e-08
-4.951076320939334607e+01 1.783866550050434132e-08
-4.911937377690802009e+01 1.784283670687305256e-08
-4.872798434442270121e+01 1.784700937647971547e-08
-4.833659491193737523e+01 1.785118351000884514e-08
-4.794520547945205635e+01 1.785535910814532398e-08
-4.755381604696673037e+01 1.785953617157443804e-08
-4.716242661448141149e+01 1.786371470098188363e-08
-4.677103718199608551e+01 1.786789469705376408e-08
-4.637964774951076663e+01 1.787207616047657642e-08
-4.598825831702544065e+01 1.787625909193722798e-08
-4.559686888454011466e+01 1.788044349212301981e-08
-4.520547945205479579e+01 1.788462936172164341e-08
-4.481409001956946980e+01 1.788881670142121711e-08
-4.442270058708415092e+01 1.789300551191022978e-08
-4.403131115459882494e+01 1.789719579387763355e-08
-4.363992172211350606e+01 1.790138754801271801e-08
-4.324853228962818008e+01 1.790558077500520953e-08
-4.285714285714285410e+01 1.790977547554521828e-08
-4.246575342465753522e+01 1.791397165032329448e-08
-4.207436399217220924e+01 1.791816930003036224e-08
-4.168297455968689036e+01 1.792236842535774934e-08
-4.129158512720156438e+01 1.792656902699723024e-08
-4.090019569471624550e+01 1.793077110564091357e-08
-4.050880626223091951e+01 1.793497466198138111e-08
-4.011741682974559353e+01 1.793917969671157200e-08
-3.972602739726027465e+01 1.794338621052487203e-08
-3.933463796477494867e+01 1.794759420411503097e-08
-3.894324853228962979e+01 1.795180367817626842e-08
-3.855185909980430381e+01 1.795601463340311830e-08
-3.816046966731898493e+01 1.796022707049061747e-08
-3.776908023483365895e+01 1.796444099013413697e-08
-3.737769080234834007e+01 1.796865639302950775e-08
-3.698630136986301409e+01 1.797287327987293464e-08
-3.659491193737768810e+01 1.797709165136107577e-08
-3.620352250489236923e+01 1.798131150819091353e-08
-3.581213307240705035e+01 1.798553285105994315e-08
-3.542074363992172437e+01 1.798975568066597750e-08
-3.502935420743639838e+01 1.799397999770730261e-08
-3.463796477495107240e+01 1.799820580288259161e-08
-3.424657534246574642e+01 1.800243309689092793e-08
-3.385518590998043464e+01 1.800666188043179535e-08
-3.346379647749510866e+01 1.801089215420510778e-08
-3.307240704500978268e+01 1.801512391891118280e-08
-3.268101761252445669e+01 1.801935717525074495e-08
-3.228962818003914492e+01 1.802359192392493569e-08
-3.189823874755381894e+01 1.802782816563531335e-08
-3.150684931506849296e+01 1.803206590108382673e-08
-3.111545988258316697e+01 1.803630513097286796e-08
-3.072407045009784099e+01 1.804054585600521300e-08
-3.033268101761252922e+01 1.804478807688407455e-08
-2.994129158512720323e+01 1.804903179431305907e-08
-2.954990215264187725e+01 1.805327700899622299e-08
-2.915851272015655127e+01 1.805752372163796685e-08
-2.876712328767123950e+01 1.806177193294316433e-08
-2.837573385518591351e+01 1.806602164361712257e-08
-2.798434442270058753e+01 1.807027285436548618e-08
-2.759295499021526155e+01 1.807452556589438617e-08
-2.720156555772993556e+01 1.807877977891033404e-08
-2.681017612524462379e+01 1.808303549412024496e-08
-2.641878669275929781e+01 1.808729271223149401e-08
-2.602739726027397182e+01 1.809155143395183677e-08
-2.563600782778864584e+01 1.809581165998945897e-08
-2.524461839530331986e+01 1.810007339105295660e-08
-2.485322896281800809e+01 1.810433662785138227e-08
-2.446183953033268210e+01 1.810860137109410953e-08
-2.407045009784735612e+01 1.811286762149103139e-08
-2.367906066536203014e+01 1.811713537975241807e-08
-2.328767123287671836e+01 1.812140464658895669e-08
-2.289628180039139238e+01 1.812567542271175455e-08
-2.250489236790606640e+01 1.812994770883234251e-08
-2.211350293542074041e+01 1.813422150566265506e-08
-2.172211350293541443e+01 1.813849681391507006e-08
-2.133072407045010266e+01 1.814277363430238892e-08
-2.093933463796477668e+01 1.814705196753777696e-08
-2.054794520547945069e+01 1.815133181433489916e-08
-2.015655577299412471e+01 1.815561317540779767e-08
-1.976516634050881294e+01 1.815989605147093155e-08
-1.937377690802348695e+01 1.816418044323919991e-08
-1.898238747553816097e+01 1.816846635142791877e-08
-1.859099804305283499e+01 1.817275377675281112e-08
-1.819960861056750900e+01 1.817704271993004993e-08
-1.780821917808219723e+01 1.818133318167619530e-08
-1.741682974559687125e+01 1.818562516270825730e-08
-1.702544031311154527e+01 1.818991866374367285e-08
-1.663405088062621928e+01 1.819421368550029905e-08
-1.624266144814089330e+01 1.819851022869636030e-08
-1.585127201565558153e+01 1.820280829405062029e-08
-1.545988258317025554e+01 1.820710788228214051e-08
-1.506849315068492956e+01 1.821140899411051185e-08
-1.467710371819960358e+01 1.821571163025568254e-08
-1.428571428571429180e+01 1.822001579143808056e-08
-1.389432485322896582e+01 1.822432147837848464e-08
-1.350293542074363984e+01 1.822862869179817640e-08
-1.311154598825831386e+01 1.823293743241880808e-08
-1.272015655577298787e+01 1.823724770096249842e-08
-1.232876712328767610e+01 1.824155949815176322e-08
-1.193737769080235012e+01 1.824587282470958149e-08
-1.154598825831702413e+01 1.825018768135930614e-08
-1.115459882583169815e+01 1.825450406882474997e-08
-1.076320939334638638e+01 1.825882198783017580e-08
-1.037181996086106039e+01 1.826314143910022692e-08
-9.980430528375734411e+00 1.826746242336002640e-08
-9.589041095890408428e+00 1.827178494133506789e-08
-9.197651663405082445e+00 1.827610899375132811e-08
-8.806262230919770673e+00 1.828043458133518412e-08
-8.414872798434444690e+00 1.828476170481344977e-08
-8.023483365949118706e+00 1.828909036491335577e-08
-7.632093933463792723e+00 1.829342056236258944e-08
-7.240704500978466740e+00 1.829775229788925503e-08
-6.849315068493154968e+00 1.830208557222189019e-08
-6.457925636007828984e+00 1.830642038608944950e-08
-6.066536203522503001e+00 1.831075674022134413e-08
-5.675146771037177018e+00 1.831509463534740877e-08
-5.283757338551865246e+00 1.831943407219790494e-08
-4.892367906066539263e+00 1.832377505150352427e-08
-4.500978473581213279e+00 1.832811757399539187e-08
-4.109589041095887296e+00 1.833246164040507950e-08
-3.718199608610561313e+00 1.833680725146457914e-08
-3.326810176125249541e+00 1.834115440790631621e-08
-2.935420743639923558e+00 1.834550311046317273e-08
-2.544031311154597574e+00 1.834985335986842115e-08
-2.152641878669271591e+00 1.835420515685580046e-08
-1.761252446183959819e+00 1.835855850215949630e-08
-1.369863013698633836e+00 1.836291339651410464e-08
-9.784735812133078525e-01 1.836726984065467800e-08
-5.870841487279818693e-01 1.837162783531665605e-08
-1.956947162426558862e-01 1.837598738123598470e-08
1.956947162426558862e-01 1.838034847914899697e-08
5.870841487279818693e-01 1.838471112979248578e-08
9.784735812133078525e-01 1.838907533390365766e-08
1.369863013698633836e+00 1.839344109222020882e-08
1.761252446183959819e+00 1.839780840548019945e-08
2.152641878669271591e+00 1.840217727442217939e-08
2.544031311154597574e+00 1.840654769978512203e-08
2.935420743639923558e+00 1.841091968230845406e-08
3.326810176125249541e+00 1.841529322273202565e-08
3.718199608610561313e+00 1.841966832179611714e-08
4.109589041095887296e+00 1.842404498024147538e-08
4.500978473581213279e+00 1.842842319880926743e-08
4.892367906066539263e+00 1.843280297824110043e-08
5.283757338551865246e+00 1.843718431927902486e-08
5.675146771037177018e+00 1.844156722266555443e-08
6.066536203522503001e+00 1.844595168914361646e-08
6.457925636007828984e+00 1.845033771945658822e-08
6.849315068493154968e+00 1.845472531434827385e-08
7.240704500978466740e+00 1.845911447456295720e-08
7.632093933463792723e+00 1.846350520084533577e-08
8.023483365949118706e+00 1.846789749394057354e-08
8.414872798434444690e+00 1.847229135459421502e-08
8.806262230919770673e+00 1.847668678355234735e-08
9.197651663405082445e+00 1.848108378156140507e-08
9.589041095890408428e+00 1.848548234936835545e-08
9.980430528375734411e+00 1.848988248772052306e-08
1.037181996086106039e+01 1.849428419736575530e-08
1.076320939334638638e+01 1.849868747905227011e-08
1.115459882583169815e+01 1.850309233352882807e-08
1.154598825831702413e+01 1.850749876154450740e-08
1.193737769080235012e+01 1.851190676384895873e-08
1.232876712328767610e+01 1.851631634119220327e-08
1.272015655577298787e+01 1.852072749432472212e-08
1.311154598825831386e+01 1.852514022399744310e-08
1.350293542074363984e+01 1.852955453096178037e-08
1.389432485322896582e+01 1.853397041596953192e-08
1.428571428571429180e+01 1.853838787977298213e-08
1.467710371819960358e+01 1.854280692312486535e-08
1.506849315068492956e+01 1.854722754677835269e-08
1.545988258317025554e+01 1.855164975148707848e-08
1.585127201565558153e+01 1.855607353800510719e-08
1.624266144814089330e+01 1.856049890708694333e-08
1.663405088062621928e+01 1.856492585948758113e-08
1.702544031311154527e+01 1.856935439596245817e-08
1.741682974559687125e+01 1.857378451726741238e-08
1.780821917808219723e+01 1.857821622415878794e-08
1.819960861056750900e+01 1.858264951739335254e-08
1.859099804305283499e+01 1.858708439772833378e-08
1.898238747553816097e+01 1.859152086592142911e-08
1.937377690802348695e+01 1.859595892273075617e-08
1.976516634050881294e+01 1.860039856891487597e-08
2.015655577299412471e+01 1.860483980523287564e-08
2.054794520547945069e+01 1.860928263244420622e-08
2.093933463796477668e+01 1.861372705130882832e-08
2.133072407045010266e+01 1.861817306258713932e-08
2.172211350293541443e+01 1.862262066703996007e-08
2.211350293542074041e+01 1.862706986542863423e-08
2.250489236790606640e+01 1.863152065851490912e-08
2.289628180039139238e+01 1.863597304706100190e-08
2.328767123287671836e+01 1.864042703182957309e-08
2.367906066536203014e+01 1.864488261358378614e-08
2.407045009784735612e+01 1.864933979308717839e-08
2.446183953033268210e+01 1.865379857110381326e-08
2.485322896281800809e+01 1.865825894839818431e-08
2.524461839530331986e+01 1.866272092573524169e-08
2.563600782778864584e+01 1.866718450388039549e-08
2.602739726027397182e+01 1.867164968359952561e-08
2.641878669275929781e+01 1.867611646565894210e-08
2.681017612524462379e+01 1.868058485082544800e-08
2.720156555772993556e+01 1.868505483986626657e-08
2.759295499021526155e+01 1.868952643354912399e-08
2.798434442270058753e+01 1.869399963264217987e-08
2.837573385518589930e+01 1.869847443791402398e-08
2.876712328767123950e+01 1.870295085013377546e-08
2.915851272015655127e+01 1.870742887007094720e-08
2.954990215264189146e+01 1.871190849849556826e-08
2.994129158512720323e+01 1.871638973617810112e-08
3.033268101761251501e+01 1.872087258388946819e-08
3.072407045009785520e+01 1.872535704240104848e-08
3.111545988258316697e+01 1.872984311248469083e-08
3.150684931506850717e+01 1.873433079491272055e-08
3.189823874755381894e+01 1.873882009045789969e-08
3.228962818003913071e+01 1.874331099989346346e-08
3.268101761252447091e+01 1.874780352399313675e-08
3.307240704500978268e+01 1.875229766353105472e-08
3.346379647749509445e+01 1.875679341928184887e-08
3.385518590998043464e+01 1.876129079202064037e-08
3.424657534246574642e+01 1.876578978252295736e-08
3.463796477495108661e+01 1.877029039156483753e-08
3.502935420743639838e+01 1.877479261992277849e-08
3.542074363992171016e+01 1.877929646837372121e-08
3.581213307240705035e+01 1.878380193769506656e-08
3.620352250489236212e+01 1.878830902866473160e-08
3.659491193737770232e+01 1.879281774206106350e-08
3.698630136986301409e+01 1.879732807866287266e-08
3.737769080234832586e+01 1.880184003924946910e-08
3.776908023483366605e+01 1.880635362460056649e-08
3.816046966731897783e+01 1.881086883549642446e-08
3.855185909980431802e+01 1.881538567271771622e-08
3.894324853228962979e+01 1.881990413704561458e-08
3.933463796477494157e+01 1.882442422926174569e-08
3.972602739726028176e+01 1.882894595014820549e-08
4.011741682974559353e+01 1.883346930048757302e-08
4.050880626223093373e+01 1.883799428106286406e-08
4.090019569471624550e+01 1.884252089265761056e-08
4.129158512720155727e+01 1.884704913605578122e-08
4.168297455968689746e+01 1.885157901204183443e-08
4.207436399217220924e+01 1.885611052140069179e-08
4.246575342465752101e+01 1.886064366491775138e-08
4.285714285714286120e+01 1.886517844337885131e-08
4.324853228962817298e+01 1.886971485757036903e-08
4.363992172211351317e+01 1.887425290827909889e-08
4.403131115459882494e+01 1.887879259629233486e-08
4.442270058708413671e+01 1.888333392239782419e-08
4.481409001956947691e+01 1.888787688738380052e-08
4.520547945205478868e+01 1.889242149203897396e-08
4.559686888454012887e+01 1.889696773715253104e-08
4.598825831702544065e+01 1.890151562351411824e-08
4.637964774951075242e+01 1.890606515191385848e-08
4.677103718199609261e+01 1.891061632314239415e-08
4.716242661448140439e+01 1.891516913799076468e-08
4.755381604696674458e+01 1.891972359725055876e-08
4.794520547945205635e+01 1.892427970171379522e-08
4.833659491193736812e+01 1.892883745217299909e-08
4.872798434442270832e+01 1.893339684942116198e-08
4.911937377690802009e+01 1.893795789425173537e-08
4.951076320939336028e+01 1.894252058745866375e-08
4.990215264187867206e+01 1.894708492983638463e-08
5.029354207436398383e+01 1.895165092217979210e-08
5.068493150684932402e+01 1.895621856528428650e-08
5.107632093933463580e+01 1.896078785994570822e-08
5.146771037181994757e+01 1.896535880696040058e-08
5.185909980430528776e+01 1.896993140712518004e-08
5.225048923679059953e+01 1.897450566123735938e-08
5.264187866927593973e+01 1.897908157009472122e-08
5.303326810176125150e+01 1.898365913449549484e-08
5.342465753424656327e+01 1.898823835523846871e-08
5.381604696673190347e+01 1.899281923312283828e-08
5.420743639921721524e+01 1.899740176894832174e-08
5.459882583170255543e+01 1.900198596351512040e-08
5.499021526418786721e+01 1.900657181762389546e-08
5.538160469667317898e+01 1.901115933207581435e-08
5.577299412915851917e+01 1.901574850767249449e-08
5.616438356164383094e+01 1.902033934521607610e-08
5.655577299412917114e+01 1.902493184550915265e-08
5.694716242661448291e+01 1.902952600935483713e-08
5.733855185909979468e+01 1.903412183755671232e-08
5.772994129158513488e+01 1.903871933091880772e-08
5.812133072407044665e+01 1.904331849024570537e-08
5.851272015655578684e+01 1.904791931634241743e-08
5.890410958904109862e+01 1.905252181001445900e-08
5.929549902152641039e+01 1.905712597206787126e-08
5.968688845401175058e+01 1.906173180330913217e-08
6.007827788649706235e+01 1.906633930454521594e-08
6.046966731898237413e+01 1.907094847658357992e-08
6.086105675146771432e+01 1.907555932023220750e-08
6.125244618395302609e+01 1.908017183629954199e-08
6.164383561643836629e+01 1.908478602559450979e-08
6.203522504892367806e+01 1.908940188892653361e-08
6.242661448140898983e+01 1.909401942710553243e-08
6.281800391389433003e+01 1.909863864094190836e-08
6.320939334637964180e+01 1.910325953124655315e-08
6.360078277886498199e+01 1.910788209883085820e-08
6.399217221135029376e+01 1.911250634450669797e-08
6.438356164383560554e+01 1.911713226908642669e-08
6.477495107632094573e+01 1.912175987338290813e-08
6.516634050880625750e+01 1.912638915820949244e-08
6.555772994129159770e+01 1.913102012438003269e-08
6.594911937377690947e+01 1.913565277270885181e-08
6.634050880626222124e+01 1.914028710401079219e-08
6.673189823874756144e+01 1.914492311910116604e-08
6.712328767123287321e+01 1.914956081879578853e-08
6.751467710371821340e+01 1.915420020391097441e-08
6.790606653620352517e+01 1.915884127526351491e-08
6.829745596868883695e+01 1.916348403367074057e-08
6.868884540117417714e+01 1.916812847995040547e-08
6.908023483365948891e+01 1.917277461492082283e-08
6.947162426614480069e+01 1.917742243940077904e-08
6.986301369863014088e+01 1.918207195420954356e-08
7.025440313111545265e+01 1.918672316016691193e-08
7.064579256360079285e+01 1.919137605809316276e-08
7.103718199608610462e+01 1.919603064880904783e-08
7.142857142857141639e+01 1.920068693313585160e-08
7.181996086105675658e+01 1.920534491189534823e-08
7.221135029354206836e+01 1.921000458590979165e-08
7.260273972602740855e+01 1.921466595600197180e-08
7.299412915851272032e+01 1.921932902299512859e-08
7.338551859099803210e+01 1.922399378771304459e-08
7.377690802348337229e+01 1.922866025097998211e-08
7.416829745596868406e+01 1.923332841362070639e-08
7.455968688845402426e+01 1.923799827646046907e-08
7.495107632093933603e+01 1.924266984032506441e-08
7.534246575342464780e+01 1.924734310604076311e-08
7.573385518590998799e+01 1.925201807443430904e-08
7.612524461839529977e+01 1.925669474633298538e-08
7.651663405088063996e+01 1.926137312256457163e-08
7.690802348336595173e+01 1.926605320395735019e-08
7.729941291585126351e+01 1.927073499134008987e-08
7.769080234833660370e+01 1.927541848554208887e-08
7.808219178082191547e+01 1.928010368739313176e-08
7.847358121330722724e+01 1.928479059772351927e-08
7.886497064579256744e+01 1.928947921736402199e-08
7.925636007827787921e+01 1.929416954714597298e-08
7.964774951076321940e+01 1.929886158790117513e-08
8.003913894324853118e+01 1.930355534046194088e-08
8.043052837573384295e+01 1.930825080566108229e-08
8.082191780821918314e+01 1.931294798433193751e-08
8.121330724070449492e+01 1.931764687730833437e-08
8.160469667318983511e+01 1.932234748542461687e-08
8.199608610567514688e+01 1.932704980951564186e-08
8.238747553816045865e+01 1.933175385041675256e-08
8.277886497064579885e+01 1.933645960896382162e-08
8.317025440313111062e+01 1.934116708599322787e-08
8.356164383561645081e+01 1.934587628234184320e-08
8.395303326810176259e+01 1.935058719884706223e-08
8.434442270058707436e+01 1.935529983634681231e-08
8.473581213307241455e+01 1.936001419567947738e-08
8.512720156555772633e+01 1.936473027768398733e-08
8.551859099804306652e+01 1.936944808319979153e-08
8.590998043052837829e+01 1.937416761306681246e-08
8.630136986301369006e+01 1.937888886812554504e-08
8.669275929549903026e+01 1.938361184921690770e-08
8.708414872798434203e+01 1.938833655718242767e-08
8.747553816046965380e+01 1.939306299286408217e-08
8.786692759295499400e+01 1.939779115710438113e-08
8.825831702544030577e+01 1.940252105074634071e-08
8.864970645792564596e+01 1.940725267463351306e-08
8.904109589041095774e+01 1.941198602960994338e-08
8.943248532289626951e+01 1.941672111652019298e-08
8.982387475538160970e+01 1.942145793620933605e-08
9.021526418786692147e+01 1.942619648952298279e-08
9.060665362035226167e+01 1.943093677730723639e-08
9.099804305283757344e+01 1.943567880040873937e-08
9.138943248532288521e+01 1.944042255967461402e-08
9.178082191780822541e+01 1.944516805595254179e-08
9.217221135029353718e+01 1.944991529009069383e-08
9.256360078277887737e+01 1.945466426293775413e-08
9.295499021526418915e+01 1.945941497534297912e-08
9.334637964774950092e+01 1.946416742815604539e-08
9.373776908023484111e+01 1.946892162222725824e-08
9.412915851272015288e+01 1.947367755840735968e-08
9.452054794520549308e+01 1.947843523754765422e-08
9.491193737769080485e+01 1.948319466049994598e-08
9.530332681017611662e+01 1.948795582811657511e-08
9.569471624266145682e+01 1.949271874125038798e-08
9.608610567514676859e+01 1.949748340075475704e-08
9.647749510763208036e+01 1.950224980748358415e-08
9.686888454011742056e+01 1.950701796229128402e-08
9.726027397260273233e+01 1.951178786603279413e-08
9.765166340508807252e+01 1.951655951956361115e-08
9.804305283757338429e+01 1.952133292373966848e-08
9.843444227005869607e+01 1.952610807941751164e-08
9.882583170254403626e+01 1.953088498745415932e-08
9.921722113502934803e+01 1.953566364870715957e-08
9.960861056751468823e+01 1.954044406403462957e-08
1.000000000000000000e+02 1.954522623429514308e-08
